---
  description: Shows continuous colour scales mapped onto values and then convert them with ggplotly.
  function: guide_colourbar
  permalink: /ggplot2/Guides axes and legends/guide_colourbar/
  layout: base
  language: ggplot2
  name: guide_colourbar
  reference: https://ggplot2.tidyverse.org/reference/
---



# Default colourbar bins

Using scales.

<pre class="mcode">
df <- expand.grid(X1 = 1:10, X2 = 1:10)
df$value <- df$X1 * df$X2

p1 <- ggplot(df, aes(X1, X2)) + geom_tile(aes(fill = value))
p2 <- p1 + geom_point(aes(size = value))

p <-  p1 + scale_fill_continuous(guide = "colourbar")

plotly::ggplotly(p)
</pre>


{% capture plot_411 %}
  {% raw %}
    {"data":[{"type":"heatmap","xsrc":"nadhil:634:dd269d","x":[1,2,3,4,5,6,7,8,9,10],"ysrc":"nadhil:634:50f9f9","y":[1,2,3,4,5,6,7,8,9,10],"zsrc":"nadhil:634:c35774","z":[[0,0.0101010101010101,0.0202020202020202,0.0303030303030303,0.0404040404040404,0.0505050505050505,0.0606060606060606,0.0707070707070707,0.0808080808080808,0.0909090909090909],[0.0101010101010101,0.0303030303030303,0.0505050505050505,0.0707070707070707,0.0909090909090909,0.111111111111111,0.131313131313131,0.151515151515152,0.171717171717172,0.191919191919192],[0.0202020202020202,0.0505050505050505,0.0808080808080808,0.111111111111111,0.141414141414141,0.171717171717172,0.202020202020202,0.232323232323232,0.262626262626263,0.292929292929293],[0.0303030303030303,0.0707070707070707,0.111111111111111,0.151515151515152,0.191919191919192,0.232323232323232,0.272727272727273,0.313131313131313,0.353535353535354,0.393939393939394],[0.0404040404040404,0.0909090909090909,0.141414141414141,0.191919191919192,0.242424242424242,0.292929292929293,0.343434343434343,0.393939393939394,0.444444444444444,0.494949494949495],[0.0505050505050505,0.111111111111111,0.171717171717172,0.232323232323232,0.292929292929293,0.353535353535354,0.414141414141414,0.474747474747475,0.535353535353535,0.595959595959596],[0.0606060606060606,0.131313131313131,0.202020202020202,0.272727272727273,0.343434343434343,0.414141414141414,0.484848484848485,0.555555555555556,0.626262626262626,0.696969696969697],[0.0707070707070707,0.151515151515152,0.232323232323232,0.313131313131313,0.393939393939394,0.474747474747475,0.555555555555556,0.636363636363636,0.717171717171717,0.797979797979798],[0.0808080808080808,0.171717171717172,0.262626262626263,0.353535353535354,0.444444444444444,0.535353535353535,0.626262626262626,0.717171717171717,0.808080808080808,0.898989898989899],[0.0909090909090909,0.191919191919192,0.292929292929293,0.393939393939394,0.494949494949495,0.595959595959596,0.696969696969697,0.797979797979798,0.898989898989899,1]],"frame":null,"xaxis":"x","yaxis":"y","textsrc":"nadhil:634:9508f4","text":[["X1:1X2:1value:1","X1:2X2:1value:2","X1:3X2:1value:3","X1:4X2:1value:4","X1:5X2:1value:5","X1:6X2:1value:6","X1:7X2:1value:7","X1:8X2:1value:8","X1:9X2:1value:9","X1:10X2:1value:10"],["X1:1X2:2value:2","X1:2X2:2value:4","X1:3X2:2value:6","X1:4X2:2value:8","X1:5X2:2value:10","X1:6X2:2value:12","X1:7X2:2value:14","X1:8X2:2value:16","X1:9X2:2value:18","X1:10X2:2value:20"],["X1:1X2:3value:3","X1:2X2:3value:6","X1:3X2:3value:9","X1:4X2:3value:12","X1:5X2:3value:15","X1:6X2:3value:18","X1:7X2:3value:21","X1:8X2:3value:24","X1:9X2:3value:27","X1:10X2:3value:30"],["X1:1X2:4value:4","X1:2X2:4value:8","X1:3X2:4value:12","X1:4X2:4value:16","X1:5X2:4value:20","X1:6X2:4value:24","X1:7X2:4value:28","X1:8X2:4value:32","X1:9X2:4value:36","X1:10X2:4value:40"],["X1:1X2:5value:5","X1:2X2:5value:10","X1:3X2:5value:15","X1:4X2:5value:20","X1:5X2:5value:25","X1:6X2:5value:30","X1:7X2:5value:35","X1:8X2:5value:40","X1:9X2:5value:45","X1:10X2:5value:50"],["X1:1X2:6value:6","X1:2X2:6value:12","X1:3X2:6value:18","X1:4X2:6value:24","X1:5X2:6value:30","X1:6X2:6value:36","X1:7X2:6value:42","X1:8X2:6value:48","X1:9X2:6value:54","X1:10X2:6value:60"],["X1:1X2:7value:7","X1:2X2:7value:14","X1:3X2:7value:21","X1:4X2:7value:28","X1:5X2:7value:35","X1:6X2:7value:42","X1:7X2:7value:49","X1:8X2:7value:56","X1:9X2:7value:63","X1:10X2:7value:70"],["X1:1X2:8value:8","X1:2X2:8value:16","X1:3X2:8value:24","X1:4X2:8value:32","X1:5X2:8value:40","X1:6X2:8value:48","X1:7X2:8value:56","X1:8X2:8value:64","X1:9X2:8value:72","X1:10X2:8value:80"],["X1:1X2:9value:9","X1:2X2:9value:18","X1:3X2:9value:27","X1:4X2:9value:36","X1:5X2:9value:45","X1:6X2:9value:54","X1:7X2:9value:63","X1:8X2:9value:72","X1:9X2:9value:81","X1:10X2:9value:90"],["X1:1X2:10value:10","X1:2X2:10value:20","X1:3X2:10value:30","X1:4X2:10value:40","X1:5X2:10value:50","X1:6X2:10value:60","X1:7X2:10value:70","X1:8X2:10value:80","X1:9X2:10value:90","X1:10X2:10value:100"]],"hoverinfo":"text","showscale":false,"colorscale":[[0,"#132B43"],[0.0101010101010101,"#142C45"],[0.0202020202020202,"#142D46"],[0.0303030303030303,"#152F48"],[0.0404040404040404,"#153049"],[0.0505050505050505,"#16314B"],[0.0606060606060606,"#17324D"],[0.0707070707070707,"#17334E"],[0.0808080808080808,"#183550"],[0.0909090909090909,"#183652"],[0.111111111111111,"#1A3855"],[0.131313131313131,"#1B3B58"],[0.141414141414141,"#1C3C5A"],[0.151515151515152,"#1C3D5B"],[0.171717171717172,"#1D405F"],[0.191919191919192,"#1F4262"],[0.202020202020202,"#1F4364"],[0.232323232323232,"#214769"],[0.242424242424242,"#22486B"],[0.262626262626263,"#234B6E"],[0.272727272727273,"#244C70"],[0.292929292929293,"#254F73"],[0.313131313131313,"#265177"],[0.343434343434343,"#28557C"],[0.353535353535354,"#29577E"],[0.393939393939394,"#2C5C85"],[0.414141414141414,"#2D5F89"],[0.444444444444444,"#2F638E"],[0.474747474747475,"#316793"],[0.484848484848485,"#326895"],[0.494949494949495,"#326997"],[0.535353535353535,"#356F9E"],[0.555555555555556,"#3772A2"],[0.595959595959596,"#3977AA"],[0.626262626262626,"#3B7BAF"],[0.636363636363636,"#3C7DB1"],[0.696969696969697,"#4085BC"],[0.717171717171717,"#4288C0"],[0.797979797979798,"#4794D0"],[0.808080808080808,"#4895D2"],[0.898989898989899,"#4FA2E3"],[1,"#56B1F7"]],"showlegend":false,"autocolorscale":false},{"mode":"markers","name":"99_5b3c5252b99ebbf4ccf2dbf307a60bdd","type":"scatter","xsrc":"nadhil:634:ad55a7","x":[0],"ysrc":"nadhil:634:e6ad8d","y":[0],"frame":null,"xaxis":"x","yaxis":"y","marker":{"colorbar":{"len":0.5,"title":"value","bgcolor":"rgba(255,255,255,1)","ticklen":2,"tickfont":{"size":11.689497716895,"color":"rgba(0,0,0,1)","family":""},"tickmode":"array","thickness":23.04,"titlefont":{"size":14.6118721461187,"color":"rgba(0,0,0,1)","family":""},"bordercolor":"transparent","borderwidth":1.88976377952756,"ticktextsrc":"nadhil:634:5604fe","ticktext":["25","50","75","100"],"tickvalssrc":"nadhil:634:0f6518","tickvals":[0.242424242424242,0.494949494949495,0.747474747474748,1]},"colorsrc":"nadhil:634:96a562","color":[0,1],"colorscale":[[0,"#132B43"],[0.00334448160535117,"#132B44"],[0.00668896321070234,"#132C44"],[0.0100334448160535,"#142C45"],[0.0133779264214047,"#142D45"],[0.0167224080267559,"#142D46"],[0.020066889632107,"#142D46"],[0.0234113712374582,"#142E47"],[0.0267558528428094,"#152E47"],[0.0301003344481605,"#152F48"],[0.0334448160535117,"#152F48"],[0.0367892976588629,"#152F49"],[0.040133779264214,"#153049"],[0.0434782608695652,"#16304A"],[0.0468227424749164,"#16304A"],[0.0501672240802676,"#16314B"],[0.0535117056856187,"#16314B"],[0.0568561872909699,"#16324C"],[0.0602006688963211,"#17324D"],[0.0635451505016722,"#17324D"],[0.0668896321070234,"#17334E"],[0.0702341137123746,"#17334E"],[0.0735785953177257,"#17344F"],[0.0769230769230769,"#18344F"],[0.0802675585284281,"#183450"],[0.0836120401337793,"#183550"],[0.0869565217391304,"#183551"],[0.0903010033444816,"#183651"],[0.0936454849498328,"#193652"],[0.096989966555184,"#193652"],[0.100334448160535,"#193753"],[0.103678929765886,"#193754"],[0.107023411371237,"#193854"],[0.110367892976589,"#1A3855"],[0.11371237458194,"#1A3955"],[0.117056856187291,"#1A3956"],[0.120401337792642,"#1A3956"],[0.123745819397993,"#1A3A57"],[0.127090301003344,"#1B3A57"],[0.130434782608696,"#1B3B58"],[0.133779264214047,"#1B3B59"],[0.137123745819398,"#1B3B59"],[0.140468227424749,"#1C3C5A"],[0.1438127090301,"#1C3C5A"],[0.147157190635452,"#1C3D5B"],[0.150501672240803,"#1C3D5B"],[0.153846153846154,"#1C3D5C"],[0.157190635451505,"#1D3E5C"],[0.160535117056856,"#1D3E5D"],[0.163879598662207,"#1D3F5D"],[0.167224080267559,"#1D3F5E"],[0.17056856187291,"#1D3F5F"],[0.173913043478261,"#1E405F"],[0.177257525083612,"#1E4060"],[0.180602006688963,"#1E4160"],[0.183946488294314,"#1E4161"],[0.187290969899666,"#1E4261"],[0.190635451505017,"#1F4262"],[0.193979933110368,"#1F4263"],[0.197324414715719,"#1F4363"],[0.20066889632107,"#1F4364"],[0.204013377926421,"#1F4464"],[0.207357859531773,"#204465"],[0.210702341137124,"#204465"],[0.214046822742475,"#204566"],[0.217391304347826,"#204566"],[0.220735785953177,"#214667"],[0.224080267558528,"#214668"],[0.22742474916388,"#214768"],[0.230769230769231,"#214769"],[0.234113712374582,"#214769"],[0.237458193979933,"#22486A"],[0.240802675585284,"#22486A"],[0.244147157190635,"#22496B"],[0.247491638795987,"#22496C"],[0.250836120401338,"#224A6C"],[0.254180602006689,"#234A6D"],[0.25752508361204,"#234A6D"],[0.260869565217391,"#234B6E"],[0.264214046822742,"#234B6E"],[0.267558528428094,"#244C6F"],[0.270903010033445,"#244C70"],[0.274247491638796,"#244C70"],[0.277591973244147,"#244D71"],[0.280936454849498,"#244D71"],[0.28428093645485,"#254E72"],[0.287625418060201,"#254E72"],[0.290969899665552,"#254F73"],[0.294314381270903,"#254F74"],[0.297658862876254,"#254F74"],[0.301003344481605,"#265075"],[0.304347826086957,"#265075"],[0.307692307692308,"#265176"],[0.311036789297659,"#265176"],[0.31438127090301,"#275277"],[0.317725752508361,"#275278"],[0.321070234113712,"#275278"],[0.324414715719064,"#275379"],[0.327759197324415,"#275379"],[0.331103678929766,"#28547A"],[0.334448160535117,"#28547B"],[0.337792642140468,"#28557B"],[0.341137123745819,"#28557C"],[0.344481605351171,"#28567C"],[0.347826086956522,"#29567D"],[0.351170568561873,"#29567D"],[0.354515050167224,"#29577E"],[0.357859531772575,"#29577F"],[0.361204013377926,"#2A587F"],[0.364548494983278,"#2A5880"],[0.367892976588629,"#2A5980"],[0.37123745819398,"#2A5981"],[0.374581939799331,"#2A5982"],[0.377926421404682,"#2B5A82"],[0.381270903010033,"#2B5A83"],[0.384615384615385,"#2B5B83"],[0.387959866220736,"#2B5B84"],[0.391304347826087,"#2C5C85"],[0.394648829431438,"#2C5C85"],[0.397993311036789,"#2C5D86"],[0.40133779264214,"#2C5D86"],[0.404682274247492,"#2C5D87"],[0.408026755852843,"#2D5E87"],[0.411371237458194,"#2D5E88"],[0.414715719063545,"#2D5F89"],[0.418060200668896,"#2D5F89"],[0.421404682274248,"#2E608A"],[0.424749163879599,"#2E608A"],[0.42809364548495,"#2E618B"],[0.431438127090301,"#2E618C"],[0.434782608695652,"#2E618C"],[0.438127090301003,"#2F628D"],[0.441471571906355,"#2F628D"],[0.444816053511706,"#2F638E"],[0.448160535117057,"#2F638F"],[0.451505016722408,"#30648F"],[0.454849498327759,"#306490"],[0.45819397993311,"#306590"],[0.461538461538462,"#306591"],[0.464882943143813,"#306592"],[0.468227424749164,"#316692"],[0.471571906354515,"#316693"],[0.474916387959866,"#316793"],[0.478260869565217,"#316794"],[0.481605351170569,"#326895"],[0.48494983277592,"#326895"],[0.488294314381271,"#326996"],[0.491638795986622,"#326996"],[0.494983277591973,"#326997"],[0.498327759197324,"#336A98"],[0.501672240802676,"#336A98"],[0.505016722408027,"#336B99"],[0.508361204013378,"#336B99"],[0.511705685618729,"#346C9A"],[0.51505016722408,"#346C9B"],[0.518394648829431,"#346D9B"],[0.521739130434783,"#346D9C"],[0.525083612040134,"#346E9D"],[0.528428093645485,"#356E9D"],[0.531772575250836,"#356E9E"],[0.535117056856187,"#356F9E"],[0.538461538461538,"#356F9F"],[0.54180602006689,"#3670A0"],[0.545150501672241,"#3670A0"],[0.548494983277592,"#3671A1"],[0.551839464882943,"#3671A1"],[0.555183946488294,"#3772A2"],[0.558528428093645,"#3772A3"],[0.561872909698997,"#3773A3"],[0.565217391304348,"#3773A4"],[0.568561872909699,"#3773A4"],[0.57190635451505,"#3874A5"],[0.575250836120401,"#3874A6"],[0.578595317725752,"#3875A6"],[0.581939799331104,"#3875A7"],[0.585284280936455,"#3976A8"],[0.588628762541806,"#3976A8"],[0.591973244147157,"#3977A9"],[0.595317725752508,"#3977A9"],[0.59866220735786,"#3978AA"],[0.602006688963211,"#3A78AB"],[0.605351170568562,"#3A79AB"],[0.608695652173913,"#3A79AC"],[0.612040133779264,"#3A79AC"],[0.615384615384615,"#3B7AAD"],[0.618729096989967,"#3B7AAE"],[0.622073578595318,"#3B7BAE"],[0.625418060200669,"#3B7BAF"],[0.62876254180602,"#3C7CB0"],[0.632107023411371,"#3C7CB0"],[0.635451505016722,"#3C7DB1"],[0.638795986622074,"#3C7DB1"],[0.642140468227425,"#3C7EB2"],[0.645484949832776,"#3D7EB3"],[0.648829431438127,"#3D7FB3"],[0.652173913043478,"#3D7FB4"],[0.655518394648829,"#3D7FB5"],[0.65886287625418,"#3E80B5"],[0.662207357859532,"#3E80B6"],[0.665551839464883,"#3E81B6"],[0.668896321070234,"#3E81B7"],[0.672240802675585,"#3F82B8"],[0.675585284280936,"#3F82B8"],[0.678929765886288,"#3F83B9"],[0.682274247491639,"#3F83BA"],[0.68561872909699,"#4084BA"],[0.688963210702341,"#4084BB"],[0.692307692307692,"#4085BB"],[0.695652173913044,"#4085BC"],[0.698996655518395,"#4086BD"],[0.702341137123746,"#4186BD"],[0.705685618729097,"#4186BE"],[0.709030100334448,"#4187BF"],[0.712374581939799,"#4187BF"],[0.71571906354515,"#4288C0"],[0.719063545150502,"#4288C1"],[0.722408026755853,"#4289C1"],[0.725752508361204,"#4289C2"],[0.729096989966555,"#438AC2"],[0.732441471571906,"#438AC3"],[0.735785953177258,"#438BC4"],[0.739130434782609,"#438BC4"],[0.74247491638796,"#438CC5"],[0.745819397993311,"#448CC6"],[0.749163879598662,"#448DC6"],[0.752508361204013,"#448DC7"],[0.755852842809364,"#448EC8"],[0.759197324414716,"#458EC8"],[0.762541806020067,"#458FC9"],[0.765886287625418,"#458FC9"],[0.769230769230769,"#458FCA"],[0.77257525083612,"#4690CB"],[0.775919732441472,"#4690CB"],[0.779264214046823,"#4691CC"],[0.782608695652174,"#4691CD"],[0.785953177257525,"#4792CD"],[0.789297658862876,"#4792CE"],[0.792642140468227,"#4793CF"],[0.795986622073579,"#4793CF"],[0.79933110367893,"#4894D0"],[0.802675585284281,"#4894D0"],[0.806020066889632,"#4895D1"],[0.809364548494983,"#4895D2"],[0.812709030100334,"#4896D2"],[0.816053511705686,"#4996D3"],[0.819397993311037,"#4997D4"],[0.822742474916388,"#4997D4"],[0.826086956521739,"#4998D5"],[0.82943143812709,"#4A98D6"],[0.832775919732441,"#4A99D6"],[0.836120401337793,"#4A99D7"],[0.839464882943144,"#4A9AD8"],[0.842809364548495,"#4B9AD8"],[0.846153846153846,"#4B9BD9"],[0.849498327759197,"#4B9BDA"],[0.852842809364548,"#4B9BDA"],[0.8561872909699,"#4C9CDB"],[0.859531772575251,"#4C9CDB"],[0.862876254180602,"#4C9DDC"],[0.866220735785953,"#4C9DDD"],[0.869565217391304,"#4D9EDD"],[0.872909698996655,"#4D9EDE"],[0.876254180602007,"#4D9FDF"],[0.879598662207358,"#4D9FDF"],[0.882943143812709,"#4DA0E0"],[0.88628762541806,"#4EA0E1"],[0.889632107023411,"#4EA1E1"],[0.892976588628763,"#4EA1E2"],[0.896321070234114,"#4EA2E3"],[0.899665551839465,"#4FA2E3"],[0.903010033444816,"#4FA3E4"],[0.906354515050167,"#4FA3E5"],[0.909698996655518,"#4FA4E5"],[0.91304347826087,"#50A4E6"],[0.916387959866221,"#50A5E7"],[0.919732441471572,"#50A5E7"],[0.923076923076923,"#50A6E8"],[0.926421404682274,"#51A6E8"],[0.929765886287625,"#51A7E9"],[0.933110367892977,"#51A7EA"],[0.936454849498328,"#51A8EA"],[0.939799331103679,"#52A8EB"],[0.94314381270903,"#52A9EC"],[0.946488294314381,"#52A9EC"],[0.949832775919732,"#52AAED"],[0.953177257525084,"#53AAEE"],[0.956521739130435,"#53ABEE"],[0.959866220735786,"#53ABEF"],[0.963210702341137,"#53ACF0"],[0.966555183946488,"#54ACF0"],[0.969899665551839,"#54ADF1"],[0.973244147157191,"#54ADF2"],[0.976588628762542,"#54AEF2"],[0.979933110367893,"#55AEF3"],[0.983277591973244,"#55AFF4"],[0.986622073578595,"#55AFF4"],[0.989966555183946,"#55B0F5"],[0.993311036789298,"#56B0F6"],[0.996655518394649,"#56B1F6"],[1,"#56B1F7"]]},"opacity":0,"hoverinfo":"skip","showlegend":false}],"layout":{"font":{"size":14.6118721461187,"color":"rgba(0,0,0,1)","family":""},"xaxis":{"type":"linear","range":[0,11],"ticks":"outside","title":{"font":{"size":14.6118721461187,"color":"rgba(0,0,0,1)","family":""},"text":"X1"},"anchor":"y","domain":[0,1],"nticks":null,"ticklen":3.65296803652968,"showgrid":true,"showline":false,"tickfont":{"size":11.689497716895,"color":"rgba(77,77,77,1)","family":""},"tickmode":"array","ticktext":["0.0","2.5","5.0","7.5","10.0"],"tickvals":[0,2.5,5,7.5,10],"zeroline":false,"autorange":false,"gridcolor":"rgba(255,255,255,1)","gridwidth":0.66417600664176,"linecolor":null,"linewidth":0,"tickangle":0,"tickcolor":"rgba(51,51,51,1)","tickwidth":0.66417600664176,"automargin":true,"hoverformat":".2f","categoryarray":["0.0","2.5","5.0","7.5","10.0"],"categoryorder":"array","showticklabels":true},"yaxis":{"type":"linear","range":[0,11],"ticks":"outside","title":{"font":{"size":14.6118721461187,"color":"rgba(0,0,0,1)","family":""},"text":"X2"},"anchor":"x","domain":[0,1],"nticks":null,"ticklen":3.65296803652968,"showgrid":true,"showline":false,"tickfont":{"size":11.689497716895,"color":"rgba(77,77,77,1)","family":""},"tickmode":"array","ticktext":["0.0","2.5","5.0","7.5","10.0"],"tickvals":[0,2.5,5,7.5,10],"zeroline":false,"autorange":false,"gridcolor":"rgba(255,255,255,1)","gridwidth":0.66417600664176,"linecolor":null,"linewidth":0,"tickangle":0,"tickcolor":"rgba(51,51,51,1)","tickwidth":0.66417600664176,"automargin":true,"hoverformat":".2f","categoryarray":["0.0","2.5","5.0","7.5","10.0"],"categoryorder":"array","showticklabels":true},"legend":{"font":{"size":11.689497716895,"color":"rgba(0,0,0,1)","family":""},"bgcolor":"rgba(255,255,255,1)","bordercolor":"transparent","borderwidth":1.88976377952756},"margin":{"b":40.1826484018265,"l":48.9497716894977,"r":7.30593607305936,"t":26.2283105022831},"shapes":[{"x0":0,"x1":1,"y0":0,"y1":1,"line":{"color":null,"width":0,"linetype":[]},"type":"rect","xref":"paper","yref":"paper","fillcolor":null}],"barmode":"relative","hovermode":"closest","showlegend":false,"plot_bgcolor":"rgba(235,235,235,1)","paper_bgcolor":"rgba(255,255,255,1)"},"frames":[]}
  {% endraw %}
{% endcapture %}
{% include posts/ssim_frame.html
    raw_json_file=plot_411
    ssim="https://raw.githubusercontent.com/plotly/ssim_baselines/main/out_ggplot2/ggplot2/Guides%20axes%20and%20legends/guide_colourbar/example1_ssim_map.png" 
    compare="https://raw.githubusercontent.com/plotly/ssim_baselines/main/out_ggplot2/ggplot2/Guides%20axes%20and%20legends/guide_colourbar/example1_montage.png"
%}



You can also use `guide_colourbar()` inside scales. 

<pre class="mcode">
df <- expand.grid(X1 = 1:10, X2 = 1:10)
df$value <- df$X1 * df$X2

p1 <- ggplot(df, aes(X1, X2)) + geom_tile(aes(fill = value))
p2 <- p1 + geom_point(aes(size = value))

p <-  p1 + scale_fill_continuous(guide = guide_colourbar())

plotly::ggplotly(p)
</pre>



{% capture plot_412 %}
  {% raw %}
    {"data":[{"type":"heatmap","xsrc":"nadhil:636:ea3d2a","x":[1,2,3,4,5,6,7,8,9,10],"ysrc":"nadhil:636:f78aa7","y":[1,2,3,4,5,6,7,8,9,10],"zsrc":"nadhil:636:301b5e","z":[[0,0.0101010101010101,0.0202020202020202,0.0303030303030303,0.0404040404040404,0.0505050505050505,0.0606060606060606,0.0707070707070707,0.0808080808080808,0.0909090909090909],[0.0101010101010101,0.0303030303030303,0.0505050505050505,0.0707070707070707,0.0909090909090909,0.111111111111111,0.131313131313131,0.151515151515152,0.171717171717172,0.191919191919192],[0.0202020202020202,0.0505050505050505,0.0808080808080808,0.111111111111111,0.141414141414141,0.171717171717172,0.202020202020202,0.232323232323232,0.262626262626263,0.292929292929293],[0.0303030303030303,0.0707070707070707,0.111111111111111,0.151515151515152,0.191919191919192,0.232323232323232,0.272727272727273,0.313131313131313,0.353535353535354,0.393939393939394],[0.0404040404040404,0.0909090909090909,0.141414141414141,0.191919191919192,0.242424242424242,0.292929292929293,0.343434343434343,0.393939393939394,0.444444444444444,0.494949494949495],[0.0505050505050505,0.111111111111111,0.171717171717172,0.232323232323232,0.292929292929293,0.353535353535354,0.414141414141414,0.474747474747475,0.535353535353535,0.595959595959596],[0.0606060606060606,0.131313131313131,0.202020202020202,0.272727272727273,0.343434343434343,0.414141414141414,0.484848484848485,0.555555555555556,0.626262626262626,0.696969696969697],[0.0707070707070707,0.151515151515152,0.232323232323232,0.313131313131313,0.393939393939394,0.474747474747475,0.555555555555556,0.636363636363636,0.717171717171717,0.797979797979798],[0.0808080808080808,0.171717171717172,0.262626262626263,0.353535353535354,0.444444444444444,0.535353535353535,0.626262626262626,0.717171717171717,0.808080808080808,0.898989898989899],[0.0909090909090909,0.191919191919192,0.292929292929293,0.393939393939394,0.494949494949495,0.595959595959596,0.696969696969697,0.797979797979798,0.898989898989899,1]],"frame":null,"xaxis":"x","yaxis":"y","textsrc":"nadhil:636:6649d5","text":[["X1:1X2:1value:1","X1:2X2:1value:2","X1:3X2:1value:3","X1:4X2:1value:4","X1:5X2:1value:5","X1:6X2:1value:6","X1:7X2:1value:7","X1:8X2:1value:8","X1:9X2:1value:9","X1:10X2:1value:10"],["X1:1X2:2value:2","X1:2X2:2value:4","X1:3X2:2value:6","X1:4X2:2value:8","X1:5X2:2value:10","X1:6X2:2value:12","X1:7X2:2value:14","X1:8X2:2value:16","X1:9X2:2value:18","X1:10X2:2value:20"],["X1:1X2:3value:3","X1:2X2:3value:6","X1:3X2:3value:9","X1:4X2:3value:12","X1:5X2:3value:15","X1:6X2:3value:18","X1:7X2:3value:21","X1:8X2:3value:24","X1:9X2:3value:27","X1:10X2:3value:30"],["X1:1X2:4value:4","X1:2X2:4value:8","X1:3X2:4value:12","X1:4X2:4value:16","X1:5X2:4value:20","X1:6X2:4value:24","X1:7X2:4value:28","X1:8X2:4value:32","X1:9X2:4value:36","X1:10X2:4value:40"],["X1:1X2:5value:5","X1:2X2:5value:10","X1:3X2:5value:15","X1:4X2:5value:20","X1:5X2:5value:25","X1:6X2:5value:30","X1:7X2:5value:35","X1:8X2:5value:40","X1:9X2:5value:45","X1:10X2:5value:50"],["X1:1X2:6value:6","X1:2X2:6value:12","X1:3X2:6value:18","X1:4X2:6value:24","X1:5X2:6value:30","X1:6X2:6value:36","X1:7X2:6value:42","X1:8X2:6value:48","X1:9X2:6value:54","X1:10X2:6value:60"],["X1:1X2:7value:7","X1:2X2:7value:14","X1:3X2:7value:21","X1:4X2:7value:28","X1:5X2:7value:35","X1:6X2:7value:42","X1:7X2:7value:49","X1:8X2:7value:56","X1:9X2:7value:63","X1:10X2:7value:70"],["X1:1X2:8value:8","X1:2X2:8value:16","X1:3X2:8value:24","X1:4X2:8value:32","X1:5X2:8value:40","X1:6X2:8value:48","X1:7X2:8value:56","X1:8X2:8value:64","X1:9X2:8value:72","X1:10X2:8value:80"],["X1:1X2:9value:9","X1:2X2:9value:18","X1:3X2:9value:27","X1:4X2:9value:36","X1:5X2:9value:45","X1:6X2:9value:54","X1:7X2:9value:63","X1:8X2:9value:72","X1:9X2:9value:81","X1:10X2:9value:90"],["X1:1X2:10value:10","X1:2X2:10value:20","X1:3X2:10value:30","X1:4X2:10value:40","X1:5X2:10value:50","X1:6X2:10value:60","X1:7X2:10value:70","X1:8X2:10value:80","X1:9X2:10value:90","X1:10X2:10value:100"]],"hoverinfo":"text","showscale":false,"colorscale":[[0,"#132B43"],[0.0101010101010101,"#142C45"],[0.0202020202020202,"#142D46"],[0.0303030303030303,"#152F48"],[0.0404040404040404,"#153049"],[0.0505050505050505,"#16314B"],[0.0606060606060606,"#17324D"],[0.0707070707070707,"#17334E"],[0.0808080808080808,"#183550"],[0.0909090909090909,"#183652"],[0.111111111111111,"#1A3855"],[0.131313131313131,"#1B3B58"],[0.141414141414141,"#1C3C5A"],[0.151515151515152,"#1C3D5B"],[0.171717171717172,"#1D405F"],[0.191919191919192,"#1F4262"],[0.202020202020202,"#1F4364"],[0.232323232323232,"#214769"],[0.242424242424242,"#22486B"],[0.262626262626263,"#234B6E"],[0.272727272727273,"#244C70"],[0.292929292929293,"#254F73"],[0.313131313131313,"#265177"],[0.343434343434343,"#28557C"],[0.353535353535354,"#29577E"],[0.393939393939394,"#2C5C85"],[0.414141414141414,"#2D5F89"],[0.444444444444444,"#2F638E"],[0.474747474747475,"#316793"],[0.484848484848485,"#326895"],[0.494949494949495,"#326997"],[0.535353535353535,"#356F9E"],[0.555555555555556,"#3772A2"],[0.595959595959596,"#3977AA"],[0.626262626262626,"#3B7BAF"],[0.636363636363636,"#3C7DB1"],[0.696969696969697,"#4085BC"],[0.717171717171717,"#4288C0"],[0.797979797979798,"#4794D0"],[0.808080808080808,"#4895D2"],[0.898989898989899,"#4FA2E3"],[1,"#56B1F7"]],"showlegend":false,"autocolorscale":false},{"mode":"markers","name":"99_5b3c5252b99ebbf4ccf2dbf307a60bdd","type":"scatter","xsrc":"nadhil:636:b3424d","x":[0],"ysrc":"nadhil:636:aea2cc","y":[0],"frame":null,"xaxis":"x","yaxis":"y","marker":{"colorbar":{"len":0.5,"title":"value","bgcolor":"rgba(255,255,255,1)","ticklen":2,"tickfont":{"size":11.689497716895,"color":"rgba(0,0,0,1)","family":""},"tickmode":"array","thickness":23.04,"titlefont":{"size":14.6118721461187,"color":"rgba(0,0,0,1)","family":""},"bordercolor":"transparent","borderwidth":1.88976377952756,"ticktextsrc":"nadhil:636:972d8f","ticktext":["25","50","75","100"],"tickvalssrc":"nadhil:636:f45ae8","tickvals":[0.242424242424242,0.494949494949495,0.747474747474748,1]},"colorsrc":"nadhil:636:e1d1ef","color":[0,1],"colorscale":[[0,"#132B43"],[0.00334448160535117,"#132B44"],[0.00668896321070234,"#132C44"],[0.0100334448160535,"#142C45"],[0.0133779264214047,"#142D45"],[0.0167224080267559,"#142D46"],[0.020066889632107,"#142D46"],[0.0234113712374582,"#142E47"],[0.0267558528428094,"#152E47"],[0.0301003344481605,"#152F48"],[0.0334448160535117,"#152F48"],[0.0367892976588629,"#152F49"],[0.040133779264214,"#153049"],[0.0434782608695652,"#16304A"],[0.0468227424749164,"#16304A"],[0.0501672240802676,"#16314B"],[0.0535117056856187,"#16314B"],[0.0568561872909699,"#16324C"],[0.0602006688963211,"#17324D"],[0.0635451505016722,"#17324D"],[0.0668896321070234,"#17334E"],[0.0702341137123746,"#17334E"],[0.0735785953177257,"#17344F"],[0.0769230769230769,"#18344F"],[0.0802675585284281,"#183450"],[0.0836120401337793,"#183550"],[0.0869565217391304,"#183551"],[0.0903010033444816,"#183651"],[0.0936454849498328,"#193652"],[0.096989966555184,"#193652"],[0.100334448160535,"#193753"],[0.103678929765886,"#193754"],[0.107023411371237,"#193854"],[0.110367892976589,"#1A3855"],[0.11371237458194,"#1A3955"],[0.117056856187291,"#1A3956"],[0.120401337792642,"#1A3956"],[0.123745819397993,"#1A3A57"],[0.127090301003344,"#1B3A57"],[0.130434782608696,"#1B3B58"],[0.133779264214047,"#1B3B59"],[0.137123745819398,"#1B3B59"],[0.140468227424749,"#1C3C5A"],[0.1438127090301,"#1C3C5A"],[0.147157190635452,"#1C3D5B"],[0.150501672240803,"#1C3D5B"],[0.153846153846154,"#1C3D5C"],[0.157190635451505,"#1D3E5C"],[0.160535117056856,"#1D3E5D"],[0.163879598662207,"#1D3F5D"],[0.167224080267559,"#1D3F5E"],[0.17056856187291,"#1D3F5F"],[0.173913043478261,"#1E405F"],[0.177257525083612,"#1E4060"],[0.180602006688963,"#1E4160"],[0.183946488294314,"#1E4161"],[0.187290969899666,"#1E4261"],[0.190635451505017,"#1F4262"],[0.193979933110368,"#1F4263"],[0.197324414715719,"#1F4363"],[0.20066889632107,"#1F4364"],[0.204013377926421,"#1F4464"],[0.207357859531773,"#204465"],[0.210702341137124,"#204465"],[0.214046822742475,"#204566"],[0.217391304347826,"#204566"],[0.220735785953177,"#214667"],[0.224080267558528,"#214668"],[0.22742474916388,"#214768"],[0.230769230769231,"#214769"],[0.234113712374582,"#214769"],[0.237458193979933,"#22486A"],[0.240802675585284,"#22486A"],[0.244147157190635,"#22496B"],[0.247491638795987,"#22496C"],[0.250836120401338,"#224A6C"],[0.254180602006689,"#234A6D"],[0.25752508361204,"#234A6D"],[0.260869565217391,"#234B6E"],[0.264214046822742,"#234B6E"],[0.267558528428094,"#244C6F"],[0.270903010033445,"#244C70"],[0.274247491638796,"#244C70"],[0.277591973244147,"#244D71"],[0.280936454849498,"#244D71"],[0.28428093645485,"#254E72"],[0.287625418060201,"#254E72"],[0.290969899665552,"#254F73"],[0.294314381270903,"#254F74"],[0.297658862876254,"#254F74"],[0.301003344481605,"#265075"],[0.304347826086957,"#265075"],[0.307692307692308,"#265176"],[0.311036789297659,"#265176"],[0.31438127090301,"#275277"],[0.317725752508361,"#275278"],[0.321070234113712,"#275278"],[0.324414715719064,"#275379"],[0.327759197324415,"#275379"],[0.331103678929766,"#28547A"],[0.334448160535117,"#28547B"],[0.337792642140468,"#28557B"],[0.341137123745819,"#28557C"],[0.344481605351171,"#28567C"],[0.347826086956522,"#29567D"],[0.351170568561873,"#29567D"],[0.354515050167224,"#29577E"],[0.357859531772575,"#29577F"],[0.361204013377926,"#2A587F"],[0.364548494983278,"#2A5880"],[0.367892976588629,"#2A5980"],[0.37123745819398,"#2A5981"],[0.374581939799331,"#2A5982"],[0.377926421404682,"#2B5A82"],[0.381270903010033,"#2B5A83"],[0.384615384615385,"#2B5B83"],[0.387959866220736,"#2B5B84"],[0.391304347826087,"#2C5C85"],[0.394648829431438,"#2C5C85"],[0.397993311036789,"#2C5D86"],[0.40133779264214,"#2C5D86"],[0.404682274247492,"#2C5D87"],[0.408026755852843,"#2D5E87"],[0.411371237458194,"#2D5E88"],[0.414715719063545,"#2D5F89"],[0.418060200668896,"#2D5F89"],[0.421404682274248,"#2E608A"],[0.424749163879599,"#2E608A"],[0.42809364548495,"#2E618B"],[0.431438127090301,"#2E618C"],[0.434782608695652,"#2E618C"],[0.438127090301003,"#2F628D"],[0.441471571906355,"#2F628D"],[0.444816053511706,"#2F638E"],[0.448160535117057,"#2F638F"],[0.451505016722408,"#30648F"],[0.454849498327759,"#306490"],[0.45819397993311,"#306590"],[0.461538461538462,"#306591"],[0.464882943143813,"#306592"],[0.468227424749164,"#316692"],[0.471571906354515,"#316693"],[0.474916387959866,"#316793"],[0.478260869565217,"#316794"],[0.481605351170569,"#326895"],[0.48494983277592,"#326895"],[0.488294314381271,"#326996"],[0.491638795986622,"#326996"],[0.494983277591973,"#326997"],[0.498327759197324,"#336A98"],[0.501672240802676,"#336A98"],[0.505016722408027,"#336B99"],[0.508361204013378,"#336B99"],[0.511705685618729,"#346C9A"],[0.51505016722408,"#346C9B"],[0.518394648829431,"#346D9B"],[0.521739130434783,"#346D9C"],[0.525083612040134,"#346E9D"],[0.528428093645485,"#356E9D"],[0.531772575250836,"#356E9E"],[0.535117056856187,"#356F9E"],[0.538461538461538,"#356F9F"],[0.54180602006689,"#3670A0"],[0.545150501672241,"#3670A0"],[0.548494983277592,"#3671A1"],[0.551839464882943,"#3671A1"],[0.555183946488294,"#3772A2"],[0.558528428093645,"#3772A3"],[0.561872909698997,"#3773A3"],[0.565217391304348,"#3773A4"],[0.568561872909699,"#3773A4"],[0.57190635451505,"#3874A5"],[0.575250836120401,"#3874A6"],[0.578595317725752,"#3875A6"],[0.581939799331104,"#3875A7"],[0.585284280936455,"#3976A8"],[0.588628762541806,"#3976A8"],[0.591973244147157,"#3977A9"],[0.595317725752508,"#3977A9"],[0.59866220735786,"#3978AA"],[0.602006688963211,"#3A78AB"],[0.605351170568562,"#3A79AB"],[0.608695652173913,"#3A79AC"],[0.612040133779264,"#3A79AC"],[0.615384615384615,"#3B7AAD"],[0.618729096989967,"#3B7AAE"],[0.622073578595318,"#3B7BAE"],[0.625418060200669,"#3B7BAF"],[0.62876254180602,"#3C7CB0"],[0.632107023411371,"#3C7CB0"],[0.635451505016722,"#3C7DB1"],[0.638795986622074,"#3C7DB1"],[0.642140468227425,"#3C7EB2"],[0.645484949832776,"#3D7EB3"],[0.648829431438127,"#3D7FB3"],[0.652173913043478,"#3D7FB4"],[0.655518394648829,"#3D7FB5"],[0.65886287625418,"#3E80B5"],[0.662207357859532,"#3E80B6"],[0.665551839464883,"#3E81B6"],[0.668896321070234,"#3E81B7"],[0.672240802675585,"#3F82B8"],[0.675585284280936,"#3F82B8"],[0.678929765886288,"#3F83B9"],[0.682274247491639,"#3F83BA"],[0.68561872909699,"#4084BA"],[0.688963210702341,"#4084BB"],[0.692307692307692,"#4085BB"],[0.695652173913044,"#4085BC"],[0.698996655518395,"#4086BD"],[0.702341137123746,"#4186BD"],[0.705685618729097,"#4186BE"],[0.709030100334448,"#4187BF"],[0.712374581939799,"#4187BF"],[0.71571906354515,"#4288C0"],[0.719063545150502,"#4288C1"],[0.722408026755853,"#4289C1"],[0.725752508361204,"#4289C2"],[0.729096989966555,"#438AC2"],[0.732441471571906,"#438AC3"],[0.735785953177258,"#438BC4"],[0.739130434782609,"#438BC4"],[0.74247491638796,"#438CC5"],[0.745819397993311,"#448CC6"],[0.749163879598662,"#448DC6"],[0.752508361204013,"#448DC7"],[0.755852842809364,"#448EC8"],[0.759197324414716,"#458EC8"],[0.762541806020067,"#458FC9"],[0.765886287625418,"#458FC9"],[0.769230769230769,"#458FCA"],[0.77257525083612,"#4690CB"],[0.775919732441472,"#4690CB"],[0.779264214046823,"#4691CC"],[0.782608695652174,"#4691CD"],[0.785953177257525,"#4792CD"],[0.789297658862876,"#4792CE"],[0.792642140468227,"#4793CF"],[0.795986622073579,"#4793CF"],[0.79933110367893,"#4894D0"],[0.802675585284281,"#4894D0"],[0.806020066889632,"#4895D1"],[0.809364548494983,"#4895D2"],[0.812709030100334,"#4896D2"],[0.816053511705686,"#4996D3"],[0.819397993311037,"#4997D4"],[0.822742474916388,"#4997D4"],[0.826086956521739,"#4998D5"],[0.82943143812709,"#4A98D6"],[0.832775919732441,"#4A99D6"],[0.836120401337793,"#4A99D7"],[0.839464882943144,"#4A9AD8"],[0.842809364548495,"#4B9AD8"],[0.846153846153846,"#4B9BD9"],[0.849498327759197,"#4B9BDA"],[0.852842809364548,"#4B9BDA"],[0.8561872909699,"#4C9CDB"],[0.859531772575251,"#4C9CDB"],[0.862876254180602,"#4C9DDC"],[0.866220735785953,"#4C9DDD"],[0.869565217391304,"#4D9EDD"],[0.872909698996655,"#4D9EDE"],[0.876254180602007,"#4D9FDF"],[0.879598662207358,"#4D9FDF"],[0.882943143812709,"#4DA0E0"],[0.88628762541806,"#4EA0E1"],[0.889632107023411,"#4EA1E1"],[0.892976588628763,"#4EA1E2"],[0.896321070234114,"#4EA2E3"],[0.899665551839465,"#4FA2E3"],[0.903010033444816,"#4FA3E4"],[0.906354515050167,"#4FA3E5"],[0.909698996655518,"#4FA4E5"],[0.91304347826087,"#50A4E6"],[0.916387959866221,"#50A5E7"],[0.919732441471572,"#50A5E7"],[0.923076923076923,"#50A6E8"],[0.926421404682274,"#51A6E8"],[0.929765886287625,"#51A7E9"],[0.933110367892977,"#51A7EA"],[0.936454849498328,"#51A8EA"],[0.939799331103679,"#52A8EB"],[0.94314381270903,"#52A9EC"],[0.946488294314381,"#52A9EC"],[0.949832775919732,"#52AAED"],[0.953177257525084,"#53AAEE"],[0.956521739130435,"#53ABEE"],[0.959866220735786,"#53ABEF"],[0.963210702341137,"#53ACF0"],[0.966555183946488,"#54ACF0"],[0.969899665551839,"#54ADF1"],[0.973244147157191,"#54ADF2"],[0.976588628762542,"#54AEF2"],[0.979933110367893,"#55AEF3"],[0.983277591973244,"#55AFF4"],[0.986622073578595,"#55AFF4"],[0.989966555183946,"#55B0F5"],[0.993311036789298,"#56B0F6"],[0.996655518394649,"#56B1F6"],[1,"#56B1F7"]]},"opacity":0,"hoverinfo":"skip","showlegend":false}],"layout":{"font":{"size":14.6118721461187,"color":"rgba(0,0,0,1)","family":""},"xaxis":{"type":"linear","range":[0,11],"ticks":"outside","title":{"font":{"size":14.6118721461187,"color":"rgba(0,0,0,1)","family":""},"text":"X1"},"anchor":"y","domain":[0,1],"nticks":null,"ticklen":3.65296803652968,"showgrid":true,"showline":false,"tickfont":{"size":11.689497716895,"color":"rgba(77,77,77,1)","family":""},"tickmode":"array","ticktext":["0.0","2.5","5.0","7.5","10.0"],"tickvals":[0,2.5,5,7.5,10],"zeroline":false,"autorange":false,"gridcolor":"rgba(255,255,255,1)","gridwidth":0.66417600664176,"linecolor":null,"linewidth":0,"tickangle":0,"tickcolor":"rgba(51,51,51,1)","tickwidth":0.66417600664176,"automargin":true,"hoverformat":".2f","categoryarray":["0.0","2.5","5.0","7.5","10.0"],"categoryorder":"array","showticklabels":true},"yaxis":{"type":"linear","range":[0,11],"ticks":"outside","title":{"font":{"size":14.6118721461187,"color":"rgba(0,0,0,1)","family":""},"text":"X2"},"anchor":"x","domain":[0,1],"nticks":null,"ticklen":3.65296803652968,"showgrid":true,"showline":false,"tickfont":{"size":11.689497716895,"color":"rgba(77,77,77,1)","family":""},"tickmode":"array","ticktext":["0.0","2.5","5.0","7.5","10.0"],"tickvals":[0,2.5,5,7.5,10],"zeroline":false,"autorange":false,"gridcolor":"rgba(255,255,255,1)","gridwidth":0.66417600664176,"linecolor":null,"linewidth":0,"tickangle":0,"tickcolor":"rgba(51,51,51,1)","tickwidth":0.66417600664176,"automargin":true,"hoverformat":".2f","categoryarray":["0.0","2.5","5.0","7.5","10.0"],"categoryorder":"array","showticklabels":true},"legend":{"font":{"size":11.689497716895,"color":"rgba(0,0,0,1)","family":""},"bgcolor":"rgba(255,255,255,1)","bordercolor":"transparent","borderwidth":1.88976377952756},"margin":{"b":40.1826484018265,"l":48.9497716894977,"r":7.30593607305936,"t":26.2283105022831},"shapes":[{"x0":0,"x1":1,"y0":0,"y1":1,"line":{"color":null,"width":0,"linetype":[]},"type":"rect","xref":"paper","yref":"paper","fillcolor":null}],"barmode":"relative","hovermode":"closest","showlegend":false,"plot_bgcolor":"rgba(235,235,235,1)","paper_bgcolor":"rgba(255,255,255,1)"},"frames":[]}
  {% endraw %}
{% endcapture %}
{% include posts/ssim_frame.html
    raw_json_file=plot_412
    ssim="https://raw.githubusercontent.com/plotly/ssim_baselines/main/out_ggplot2/ggplot2/Guides%20axes%20and%20legends/guide_colourbar/example2_ssim_map.png" 
    compare="https://raw.githubusercontent.com/plotly/ssim_baselines/main/out_ggplot2/ggplot2/Guides%20axes%20and%20legends/guide_colourbar/example2_montage.png"
%}



# Using guides 

You can also achieve the same result using `guides()` and `fill`.

<pre class="mcode">
df <- expand.grid(X1 = 1:10, X2 = 1:10)
df$value <- df$X1 * df$X2

p1 <- ggplot(df, aes(X1, X2)) + geom_tile(aes(fill = value))
p2 <- p1 + geom_point(aes(size = value))

p <-  p1 + guides(fill = guide_colourbar())

plotly::ggplotly(p)
</pre>



{% capture plot_413 %}
  {% raw %}
