---
  description: Guide shows areas between breaks as a single constant colour instead of the gradient known from the colourbar counterpart and then we convert them with ggplotly.
  function: guide_coloursteps
  permalink: /ggplot2/Guides axes and legends/guide_coloursteps/
  layout: base
  language: ggplot2
  name: guide_coloursteps
  reference: https://ggplot2.tidyverse.org/reference/
---


# Default binned colour scales

<pre class="mcode">
df <- expand.grid(X1 = 1:10, X2 = 1:10)
df$value <- df$X1 * df$X2

p <- ggplot(df, aes(X1, X2)) + geom_tile(aes(fill = value))

p <-  p + scale_fill_binned()

plotly::ggplotly(p)
</pre>


{% capture plot_392 %}
  {% raw %}
    {"data":[{"type":"heatmap","xsrc":"nadhil:662:0da46b","x":[1,2,3,4,5,6,7,8,9,10],"ysrc":"nadhil:662:a9c213","y":[1,2,3,4,5,6,7,8,9,10],"zsrc":"nadhil:662:194dcb","z":[[0,0.0101010101010101,0.0202020202020202,0.0303030303030303,0.0404040404040404,0.0505050505050505,0.0606060606060606,0.0707070707070707,0.0808080808080808,0.0909090909090909],[0.0101010101010101,0.0303030303030303,0.0505050505050505,0.0707070707070707,0.0909090909090909,0.111111111111111,0.131313131313131,0.151515151515152,0.171717171717172,0.191919191919192],[0.0202020202020202,0.0505050505050505,0.0808080808080808,0.111111111111111,0.141414141414141,0.171717171717172,0.202020202020202,0.232323232323232,0.262626262626263,0.292929292929293],[0.0303030303030303,0.0707070707070707,0.111111111111111,0.151515151515152,0.191919191919192,0.232323232323232,0.272727272727273,0.313131313131313,0.353535353535354,0.393939393939394],[0.0404040404040404,0.0909090909090909,0.141414141414141,0.191919191919192,0.242424242424242,0.292929292929293,0.343434343434343,0.393939393939394,0.444444444444444,0.494949494949495],[0.0505050505050505,0.111111111111111,0.171717171717172,0.232323232323232,0.292929292929293,0.353535353535354,0.414141414141414,0.474747474747475,0.535353535353535,0.595959595959596],[0.0606060606060606,0.131313131313131,0.202020202020202,0.272727272727273,0.343434343434343,0.414141414141414,0.484848484848485,0.555555555555556,0.626262626262626,0.696969696969697],[0.0707070707070707,0.151515151515152,0.232323232323232,0.313131313131313,0.393939393939394,0.474747474747475,0.555555555555556,0.636363636363636,0.717171717171717,0.797979797979798],[0.0808080808080808,0.171717171717172,0.262626262626263,0.353535353535354,0.444444444444444,0.535353535353535,0.626262626262626,0.717171717171717,0.808080808080808,0.898989898989899],[0.0909090909090909,0.191919191919192,0.292929292929293,0.393939393939394,0.494949494949495,0.595959595959596,0.696969696969697,0.797979797979798,0.898989898989899,1]],"frame":null,"xaxis":"x","yaxis":"y","textsrc":"nadhil:662:4e18f6","text":[["X1:1X2:1value:1","X1:2X2:1value:2","X1:3X2:1value:3","X1:4X2:1value:4","X1:5X2:1value:5","X1:6X2:1value:6","X1:7X2:1value:7","X1:8X2:1value:8","X1:9X2:1value:9","X1:10X2:1value:10"],["X1:1X2:2value:2","X1:2X2:2value:4","X1:3X2:2value:6","X1:4X2:2value:8","X1:5X2:2value:10","X1:6X2:2value:12","X1:7X2:2value:14","X1:8X2:2value:16","X1:9X2:2value:18","X1:10X2:2value:20"],["X1:1X2:3value:3","X1:2X2:3value:6","X1:3X2:3value:9","X1:4X2:3value:12","X1:5X2:3value:15","X1:6X2:3value:18","X1:7X2:3value:21","X1:8X2:3value:24","X1:9X2:3value:27","X1:10X2:3value:30"],["X1:1X2:4value:4","X1:2X2:4value:8","X1:3X2:4value:12","X1:4X2:4value:16","X1:5X2:4value:20","X1:6X2:4value:24","X1:7X2:4value:28","X1:8X2:4value:32","X1:9X2:4value:36","X1:10X2:4value:40"],["X1:1X2:5value:5","X1:2X2:5value:10","X1:3X2:5value:15","X1:4X2:5value:20","X1:5X2:5value:25","X1:6X2:5value:30","X1:7X2:5value:35","X1:8X2:5value:40","X1:9X2:5value:45","X1:10X2:5value:50"],["X1:1X2:6value:6","X1:2X2:6value:12","X1:3X2:6value:18","X1:4X2:6value:24","X1:5X2:6value:30","X1:6X2:6value:36","X1:7X2:6value:42","X1:8X2:6value:48","X1:9X2:6value:54","X1:10X2:6value:60"],["X1:1X2:7value:7","X1:2X2:7value:14","X1:3X2:7value:21","X1:4X2:7value:28","X1:5X2:7value:35","X1:6X2:7value:42","X1:7X2:7value:49","X1:8X2:7value:56","X1:9X2:7value:63","X1:10X2:7value:70"],["X1:1X2:8value:8","X1:2X2:8value:16","X1:3X2:8value:24","X1:4X2:8value:32","X1:5X2:8value:40","X1:6X2:8value:48","X1:7X2:8value:56","X1:8X2:8value:64","X1:9X2:8value:72","X1:10X2:8value:80"],["X1:1X2:9value:9","X1:2X2:9value:18","X1:3X2:9value:27","X1:4X2:9value:36","X1:5X2:9value:45","X1:6X2:9value:54","X1:7X2:9value:63","X1:8X2:9value:72","X1:9X2:9value:81","X1:10X2:9value:90"],["X1:1X2:10value:10","X1:2X2:10value:20","X1:3X2:10value:30","X1:4X2:10value:40","X1:5X2:10value:50","X1:6X2:10value:60","X1:7X2:10value:70","X1:8X2:10value:80","X1:9X2:10value:90","X1:10X2:10value:100"]],"hoverinfo":"text","showscale":false,"colorscale":[[0,"#1A3956"],[0.0101010101010101,"#1A3956"],[0.0202020202020202,"#1A3956"],[0.0303030303030303,"#1A3956"],[0.0404040404040404,"#1A3956"],[0.0505050505050505,"#1A3956"],[0.0606060606060606,"#1A3956"],[0.0707070707070707,"#1A3956"],[0.0808080808080808,"#1A3956"],[0.0909090909090909,"#1A3956"],[0.111111111111111,"#1A3956"],[0.131313131313131,"#1A3956"],[0.141414141414141,"#1A3956"],[0.151515151515152,"#1A3956"],[0.171717171717172,"#1A3956"],[0.191919191919192,"#1A3956"],[0.202020202020202,"#1A3956"],[0.232323232323232,"#1A3956"],[0.242424242424242,"#1A3956"],[0.262626262626263,"#2A5981"],[0.272727272727273,"#2A5981"],[0.292929292929293,"#2A5981"],[0.313131313131313,"#2A5981"],[0.343434343434343,"#2A5981"],[0.353535353535354,"#2A5981"],[0.393939393939394,"#2A5981"],[0.414141414141414,"#2A5981"],[0.444444444444444,"#2A5981"],[0.474747474747475,"#2A5981"],[0.484848484848485,"#2A5981"],[0.494949494949495,"#2A5981"],[0.535353535353535,"#3B7BAE"],[0.555555555555556,"#3B7BAE"],[0.595959595959596,"#3B7BAE"],[0.626262626262626,"#3B7BAE"],[0.636363636363636,"#3B7BAE"],[0.696969696969697,"#3B7BAE"],[0.717171717171717,"#3B7BAE"],[0.797979797979798,"#4D9FDE"],[0.808080808080808,"#4D9FDE"],[0.898989898989899,"#4D9FDE"],[1,"#4D9FDE"]],"showlegend":false,"autocolorscale":false},{"mode":"markers","name":"99_61e58db878519d526ac9a3e3e908603d","type":"scatter","xsrc":"nadhil:662:aae8d3","x":[0],"ysrc":"nadhil:662:ac56f6","y":[0],"frame":null,"xaxis":"x","yaxis":"y","marker":{"colorbar":{"len":0.5,"title":"value","bgcolor":"rgba(255,255,255,1)","ticklen":2,"tickfont":{"size":11.689497716895,"color":"rgba(0,0,0,1)","family":""},"tickmode":"array","thickness":23.04,"titlefont":{"size":14.6118721461187,"color":"rgba(0,0,0,1)","family":""},"bordercolor":"transparent","borderwidth":1.88976377952756,"ticktextsrc":"nadhil:662:1e2c6e","ticktext":["25","50","75"],"tickvalssrc":"nadhil:662:859a8f","tickvals":[0.166666666666667,0.5,0.833333333333333]},"colorsrc":"nadhil:662:07c60f","color":[0,1],"colorscale":[[0,"#1A3956"],[0.333333333333333,"#2A5981"],[0.666666666666667,"#3B7BAE"],[1,"#4D9FDE"]]},"opacity":0,"hoverinfo":"skip","showlegend":false}],"layout":{"font":{"size":14.6118721461187,"color":"rgba(0,0,0,1)","family":""},"xaxis":{"type":"linear","range":[0,11],"ticks":"outside","title":{"font":{"size":14.6118721461187,"color":"rgba(0,0,0,1)","family":""},"text":"X1"},"anchor":"y","domain":[0,1],"nticks":null,"ticklen":3.65296803652968,"showgrid":true,"showline":false,"tickfont":{"size":11.689497716895,"color":"rgba(77,77,77,1)","family":""},"tickmode":"array","ticktext":["0.0","2.5","5.0","7.5","10.0"],"tickvals":[0,2.5,5,7.5,10],"zeroline":false,"autorange":false,"gridcolor":"rgba(255,255,255,1)","gridwidth":0.66417600664176,"linecolor":null,"linewidth":0,"tickangle":0,"tickcolor":"rgba(51,51,51,1)","tickwidth":0.66417600664176,"automargin":true,"hoverformat":".2f","categoryarray":["0.0","2.5","5.0","7.5","10.0"],"categoryorder":"array","showticklabels":true},"yaxis":{"type":"linear","range":[0,11],"ticks":"outside","title":{"font":{"size":14.6118721461187,"color":"rgba(0,0,0,1)","family":""},"text":"X2"},"anchor":"x","domain":[0,1],"nticks":null,"ticklen":3.65296803652968,"showgrid":true,"showline":false,"tickfont":{"size":11.689497716895,"color":"rgba(77,77,77,1)","family":""},"tickmode":"array","ticktext":["0.0","2.5","5.0","7.5","10.0"],"tickvals":[0,2.5,5,7.5,10],"zeroline":false,"autorange":false,"gridcolor":"rgba(255,255,255,1)","gridwidth":0.66417600664176,"linecolor":null,"linewidth":0,"tickangle":0,"tickcolor":"rgba(51,51,51,1)","tickwidth":0.66417600664176,"automargin":true,"hoverformat":".2f","categoryarray":["0.0","2.5","5.0","7.5","10.0"],"categoryorder":"array","showticklabels":true},"legend":{"font":{"size":11.689497716895,"color":"rgba(0,0,0,1)","family":""},"bgcolor":"rgba(255,255,255,1)","bordercolor":"transparent","borderwidth":1.88976377952756},"margin":{"b":40.1826484018265,"l":48.9497716894977,"r":7.30593607305936,"t":26.2283105022831},"shapes":[{"x0":0,"x1":1,"y0":0,"y1":1,"line":{"color":null,"width":0,"linetype":[]},"type":"rect","xref":"paper","yref":"paper","fillcolor":null}],"barmode":"relative","hovermode":"closest","showlegend":false,"plot_bgcolor":"rgba(235,235,235,1)","paper_bgcolor":"rgba(255,255,255,1)"},"frames":[]}
  {% endraw %}
{% endcapture %}
{% include posts/ssim_frame.html
    raw_json_file=plot_392
    ssim="https://raw.githubusercontent.com/plotly/ssim_baselines/main/out_ggplot2/ggplot2/Guides%20axes%20and%20legends/guide_coloursteps/example1_ssim_map.png" 
    compare="https://raw.githubusercontent.com/plotly/ssim_baselines/main/out_ggplot2/ggplot2/Guides%20axes%20and%20legends/guide_coloursteps/example1_montage.png"
%}


By default each bin in the guide is the same size irrespectively of how their sizes relate in data space.



<pre class="mcode">
df <- expand.grid(X1 = 1:10, X2 = 1:10)
df$value <- df$X1 * df$X2

p <- ggplot(df, aes(X1, X2)) + geom_tile(aes(fill = value))

p <-  p + scale_fill_binned(breaks = c(10, 25, 50))

plotly::ggplotly(p)
</pre>



{% capture plot_393 %}
  {% raw %}
    {"data":[{"type":"heatmap","xsrc":"nadhil:664:a1f40e","x":[1,2,3,4,5,6,7,8,9,10],"ysrc":"nadhil:664:29c61e","y":[1,2,3,4,5,6,7,8,9,10],"zsrc":"nadhil:664:83fede","z":[[0,0.0101010101010101,0.0202020202020202,0.0303030303030303,0.0404040404040404,0.0505050505050505,0.0606060606060606,0.0707070707070707,0.0808080808080808,0.0909090909090909],[0.0101010101010101,0.0303030303030303,0.0505050505050505,0.0707070707070707,0.0909090909090909,0.111111111111111,0.131313131313131,0.151515151515152,0.171717171717172,0.191919191919192],[0.0202020202020202,0.0505050505050505,0.0808080808080808,0.111111111111111,0.141414141414141,0.171717171717172,0.202020202020202,0.232323232323232,0.262626262626263,0.292929292929293],[0.0303030303030303,0.0707070707070707,0.111111111111111,0.151515151515152,0.191919191919192,0.232323232323232,0.272727272727273,0.313131313131313,0.353535353535354,0.393939393939394],[0.0404040404040404,0.0909090909090909,0.141414141414141,0.191919191919192,0.242424242424242,0.292929292929293,0.343434343434343,0.393939393939394,0.444444444444444,0.494949494949495],[0.0505050505050505,0.111111111111111,0.171717171717172,0.232323232323232,0.292929292929293,0.353535353535354,0.414141414141414,0.474747474747475,0.535353535353535,0.595959595959596],[0.0606060606060606,0.131313131313131,0.202020202020202,0.272727272727273,0.343434343434343,0.414141414141414,0.484848484848485,0.555555555555556,0.626262626262626,0.696969696969697],[0.0707070707070707,0.151515151515152,0.232323232323232,0.313131313131313,0.393939393939394,0.474747474747475,0.555555555555556,0.636363636363636,0.717171717171717,0.797979797979798],[0.0808080808080808,0.171717171717172,0.262626262626263,0.353535353535354,0.444444444444444,0.535353535353535,0.626262626262626,0.717171717171717,0.808080808080808,0.898989898989899],[0.0909090909090909,0.191919191919192,0.292929292929293,0.393939393939394,0.494949494949495,0.595959595959596,0.696969696969697,0.797979797979798,0.898989898989899,1]],"frame":null,"xaxis":"x","yaxis":"y","textsrc":"nadhil:664:fddcca","text":[["X1:1X2:1value:1","X1:2X2:1value:2","X1:3X2:1value:3","X1:4X2:1value:4","X1:5X2:1value:5","X1:6X2:1value:6","X1:7X2:1value:7","X1:8X2:1value:8","X1:9X2:1value:9","X1:10X2:1value:10"],["X1:1X2:2value:2","X1:2X2:2value:4","X1:3X2:2value:6","X1:4X2:2value:8","X1:5X2:2value:10","X1:6X2:2value:12","X1:7X2:2value:14","X1:8X2:2value:16","X1:9X2:2value:18","X1:10X2:2value:20"],["X1:1X2:3value:3","X1:2X2:3value:6","X1:3X2:3value:9","X1:4X2:3value:12","X1:5X2:3value:15","X1:6X2:3value:18","X1:7X2:3value:21","X1:8X2:3value:24","X1:9X2:3value:27","X1:10X2:3value:30"],["X1:1X2:4value:4","X1:2X2:4value:8","X1:3X2:4value:12","X1:4X2:4value:16","X1:5X2:4value:20","X1:6X2:4value:24","X1:7X2:4value:28","X1:8X2:4value:32","X1:9X2:4value:36","X1:10X2:4value:40"],["X1:1X2:5value:5","X1:2X2:5value:10","X1:3X2:5value:15","X1:4X2:5value:20","X1:5X2:5value:25","X1:6X2:5value:30","X1:7X2:5value:35","X1:8X2:5value:40","X1:9X2:5value:45","X1:10X2:5value:50"],["X1:1X2:6value:6","X1:2X2:6value:12","X1:3X2:6value:18","X1:4X2:6value:24","X1:5X2:6value:30","X1:6X2:6value:36","X1:7X2:6value:42","X1:8X2:6value:48","X1:9X2:6value:54","X1:10X2:6value:60"],["X1:1X2:7value:7","X1:2X2:7value:14","X1:3X2:7value:21","X1:4X2:7value:28","X1:5X2:7value:35","X1:6X2:7value:42","X1:7X2:7value:49","X1:8X2:7value:56","X1:9X2:7value:63","X1:10X2:7value:70"],["X1:1X2:8value:8","X1:2X2:8value:16","X1:3X2:8value:24","X1:4X2:8value:32","X1:5X2:8value:40","X1:6X2:8value:48","X1:7X2:8value:56","X1:8X2:8value:64","X1:9X2:8value:72","X1:10X2:8value:80"],["X1:1X2:9value:9","X1:2X2:9value:18","X1:3X2:9value:27","X1:4X2:9value:36","X1:5X2:9value:45","X1:6X2:9value:54","X1:7X2:9value:63","X1:8X2:9value:72","X1:9X2:9value:81","X1:10X2:9value:90"],["X1:1X2:10value:10","X1:2X2:10value:20","X1:3X2:10value:30","X1:4X2:10value:40","X1:5X2:10value:50","X1:6X2:10value:60","X1:7X2:10value:70","X1:8X2:10value:80","X1:9X2:10value:90","X1:10X2:10value:100"]],"hoverinfo":"text","showscale":false,"colorscale":[[0,"#16304A"],[0.0101010101010101,"#16304A"],[0.0202020202020202,"#16304A"],[0.0303030303030303,"#16304A"],[0.0404040404040404,"#16304A"],[0.0505050505050505,"#16304A"],[0.0606060606060606,"#16304A"],[0.0707070707070707,"#16304A"],[0.0808080808080808,"#16304A"],[0.0909090909090909,"#16304A"],[0.111111111111111,"#1D3F5E"],[0.131313131313131,"#1D3F5E"],[0.141414141414141,"#1D3F5E"],[0.151515151515152,"#1D3F5E"],[0.171717171717172,"#1D3F5E"],[0.191919191919192,"#1D3F5E"],[0.202020202020202,"#1D3F5E"],[0.232323232323232,"#1D3F5E"],[0.242424242424242,"#1D3F5E"],[0.262626262626263,"#2A5981"],[0.272727272727273,"#2A5981"],[0.292929292929293,"#2A5981"],[0.313131313131313,"#2A5981"],[0.343434343434343,"#2A5981"],[0.353535353535354,"#2A5981"],[0.393939393939394,"#2A5981"],[0.414141414141414,"#2A5981"],[0.444444444444444,"#2A5981"],[0.474747474747475,"#2A5981"],[0.484848484848485,"#2A5981"],[0.494949494949495,"#2A5981"],[0.535353535353535,"#448CC6"],[0.555555555555556,"#448CC6"],[0.595959595959596,"#448CC6"],[0.626262626262626,"#448CC6"],[0.636363636363636,"#448CC6"],[0.696969696969697,"#448CC6"],[0.717171717171717,"#448CC6"],[0.797979797979798,"#448CC6"],[0.808080808080808,"#448CC6"],[0.898989898989899,"#448CC6"],[1,"#448CC6"]],"showlegend":false,"autocolorscale":false},{"mode":"markers","name":"99_3f2e9a81a20df57eb4f657bb593515ab","type":"scatter","xsrc":"nadhil:664:a2138c","x":[0],"ysrc":"nadhil:664:f07448","y":[0],"frame":null,"xaxis":"x","yaxis":"y","marker":{"colorbar":{"len":0.5,"title":"value","bgcolor":"rgba(255,255,255,1)","ticklen":2,"tickfont":{"size":11.689497716895,"color":"rgba(0,0,0,1)","family":""},"tickmode":"array","thickness":23.04,"titlefont":{"size":14.6118721461187,"color":"rgba(0,0,0,1)","family":""},"bordercolor":"transparent","borderwidth":1.88976377952756,"ticktextsrc":"nadhil:664:75d2d0","ticktext":["10","25","50"],"tickvalssrc":"nadhil:664:07f61b","tickvals":[0.166666666666667,0.5,0.833333333333333]},"colorsrc":"nadhil:664:bb1d4f","color":[0,1],"colorscale":[[0,"#16304A"],[0.333333333333333,"#1D3F5E"],[0.666666666666667,"#2A5981"],[1,"#448CC6"]]},"opacity":0,"hoverinfo":"skip","showlegend":false}],"layout":{"font":{"size":14.6118721461187,"color":"rgba(0,0,0,1)","family":""},"xaxis":{"type":"linear","range":[0,11],"ticks":"outside","title":{"font":{"size":14.6118721461187,"color":"rgba(0,0,0,1)","family":""},"text":"X1"},"anchor":"y","domain":[0,1],"nticks":null,"ticklen":3.65296803652968,"showgrid":true,"showline":false,"tickfont":{"size":11.689497716895,"color":"rgba(77,77,77,1)","family":""},"tickmode":"array","ticktext":["0.0","2.5","5.0","7.5","10.0"],"tickvals":[0,2.5,5,7.5,10],"zeroline":false,"autorange":false,"gridcolor":"rgba(255,255,255,1)","gridwidth":0.66417600664176,"linecolor":null,"linewidth":0,"tickangle":0,"tickcolor":"rgba(51,51,51,1)","tickwidth":0.66417600664176,"automargin":true,"hoverformat":".2f","categoryarray":["0.0","2.5","5.0","7.5","10.0"],"categoryorder":"array","showticklabels":true},"yaxis":{"type":"linear","range":[0,11],"ticks":"outside","title":{"font":{"size":14.6118721461187,"color":"rgba(0,0,0,1)","family":""},"text":"X2"},"anchor":"x","domain":[0,1],"nticks":null,"ticklen":3.65296803652968,"showgrid":true,"showline":false,"tickfont":{"size":11.689497716895,"color":"rgba(77,77,77,1)","family":""},"tickmode":"array","ticktext":["0.0","2.5","5.0","7.5","10.0"],"tickvals":[0,2.5,5,7.5,10],"zeroline":false,"autorange":false,"gridcolor":"rgba(255,255,255,1)","gridwidth":0.66417600664176,"linecolor":null,"linewidth":0,"tickangle":0,"tickcolor":"rgba(51,51,51,1)","tickwidth":0.66417600664176,"automargin":true,"hoverformat":".2f","categoryarray":["0.0","2.5","5.0","7.5","10.0"],"categoryorder":"array","showticklabels":true},"legend":{"font":{"size":11.689497716895,"color":"rgba(0,0,0,1)","family":""},"bgcolor":"rgba(255,255,255,1)","bordercolor":"transparent","borderwidth":1.88976377952756},"margin":{"b":40.1826484018265,"l":48.9497716894977,"r":7.30593607305936,"t":26.2283105022831},"shapes":[{"x0":0,"x1":1,"y0":0,"y1":1,"line":{"color":null,"width":0,"linetype":[]},"type":"rect","xref":"paper","yref":"paper","fillcolor":null}],"barmode":"relative","hovermode":"closest","showlegend":false,"plot_bgcolor":"rgba(235,235,235,1)","paper_bgcolor":"rgba(255,255,255,1)"},"frames":[]}
  {% endraw %}
{% endcapture %}
{% include posts/ssim_frame.html
    raw_json_file=plot_393
    ssim="https://raw.githubusercontent.com/plotly/ssim_baselines/main/out_ggplot2/ggplot2/Guides%20axes%20and%20legends/guide_coloursteps/example2_ssim_map.png" 
    compare="https://raw.githubusercontent.com/plotly/ssim_baselines/main/out_ggplot2/ggplot2/Guides%20axes%20and%20legends/guide_coloursteps/example2_montage.png"
%}


# Change bin size


<pre class="mcode">
df <- expand.grid(X1 = 1:10, X2 = 1:10)
df$value <- df$X1 * df$X2

p <- ggplot(df, aes(X1, X2)) + geom_tile(aes(fill = value))

p <-    
 p + scale_fill_binned(
  breaks = c(10, 25, 50),
  guide = guide_coloursteps(even.steps = FALSE)
)

plotly::ggplotly(p)
</pre>



{% capture plot_394 %}
  {% raw %}
    {"data":[{"type":"heatmap","xsrc":"nadhil:666:389566","x":[1,2,3,4,5,6,7,8,9,10],"ysrc":"nadhil:666:646632","y":[1,2,3,4,5,6,7,8,9,10],"zsrc":"nadhil:666:b78e5e","z":[[0,0.0101010101010101,0.0202020202020202,0.0303030303030303,0.0404040404040404,0.0505050505050505,0.0606060606060606,0.0707070707070707,0.0808080808080808,0.0909090909090909],[0.0101010101010101,0.0303030303030303,0.0505050505050505,0.0707070707070707,0.0909090909090909,0.111111111111111,0.131313131313131,0.151515151515152,0.171717171717172,0.191919191919192],[0.0202020202020202,0.0505050505050505,0.0808080808080808,0.111111111111111,0.141414141414141,0.171717171717172,0.202020202020202,0.232323232323232,0.262626262626263,0.292929292929293],[0.0303030303030303,0.0707070707070707,0.111111111111111,0.151515151515152,0.191919191919192,0.232323232323232,0.272727272727273,0.313131313131313,0.353535353535354,0.393939393939394],[0.0404040404040404,0.0909090909090909,0.141414141414141,0.191919191919192,0.242424242424242,0.292929292929293,0.343434343434343,0.393939393939394,0.444444444444444,0.494949494949495],[0.0505050505050505,0.111111111111111,0.171717171717172,0.232323232323232,0.292929292929293,0.353535353535354,0.414141414141414,0.474747474747475,0.535353535353535,0.595959595959596],[0.0606060606060606,0.131313131313131,0.202020202020202,0.272727272727273,0.343434343434343,0.414141414141414,0.484848484848485,0.555555555555556,0.626262626262626,0.696969696969697],[0.0707070707070707,0.151515151515152,0.232323232323232,0.313131313131313,0.393939393939394,0.474747474747475,0.555555555555556,0.636363636363636,0.717171717171717,0.797979797979798],[0.0808080808080808,0.171717171717172,0.262626262626263,0.353535353535354,0.444444444444444,0.535353535353535,0.626262626262626,0.717171717171717,0.808080808080808,0.898989898989899],[0.0909090909090909,0.191919191919192,0.292929292929293,0.393939393939394,0.494949494949495,0.595959595959596,0.696969696969697,0.797979797979798,0.898989898989899,1]],"frame":null,"xaxis":"x","yaxis":"y","textsrc":"nadhil:666:5c5fe4","text":[["X1:1X2:1value:1","X1:2X2:1value:2","X1:3X2:1value:3","X1:4X2:1value:4","X1:5X2:1value:5","X1:6X2:1value:6","X1:7X2:1value:7","X1:8X2:1value:8","X1:9X2:1value:9","X1:10X2:1value:10"],["X1:1X2:2value:2","X1:2X2:2value:4","X1:3X2:2value:6","X1:4X2:2value:8","X1:5X2:2value:10","X1:6X2:2value:12","X1:7X2:2value:14","X1:8X2:2value:16","X1:9X2:2value:18","X1:10X2:2value:20"],["X1:1X2:3value:3","X1:2X2:3value:6","X1:3X2:3value:9","X1:4X2:3value:12","X1:5X2:3value:15","X1:6X2:3value:18","X1:7X2:3value:21","X1:8X2:3value:24","X1:9X2:3value:27","X1:10X2:3value:30"],["X1:1X2:4value:4","X1:2X2:4value:8","X1:3X2:4value:12","X1:4X2:4value:16","X1:5X2:4value:20","X1:6X2:4value:24","X1:7X2:4value:28","X1:8X2:4value:32","X1:9X2:4value:36","X1:10X2:4value:40"],["X1:1X2:5value:5","X1:2X2:5value:10","X1:3X2:5value:15","X1:4X2:5value:20","X1:5X2:5value:25","X1:6X2:5value:30","X1:7X2:5value:35","X1:8X2:5value:40","X1:9X2:5value:45","X1:10X2:5value:50"],["X1:1X2:6value:6","X1:2X2:6value:12","X1:3X2:6value:18","X1:4X2:6value:24","X1:5X2:6value:30","X1:6X2:6value:36","X1:7X2:6value:42","X1:8X2:6value:48","X1:9X2:6value:54","X1:10X2:6value:60"],["X1:1X2:7value:7","X1:2X2:7value:14","X1:3X2:7value:21","X1:4X2:7value:28","X1:5X2:7value:35","X1:6X2:7value:42","X1:7X2:7value:49","X1:8X2:7value:56","X1:9X2:7value:63","X1:10X2:7value:70"],["X1:1X2:8value:8","X1:2X2:8value:16","X1:3X2:8value:24","X1:4X2:8value:32","X1:5X2:8value:40","X1:6X2:8value:48","X1:7X2:8value:56","X1:8X2:8value:64","X1:9X2:8value:72","X1:10X2:8value:80"],["X1:1X2:9value:9","X1:2X2:9value:18","X1:3X2:9value:27","X1:4X2:9value:36","X1:5X2:9value:45","X1:6X2:9value:54","X1:7X2:9value:63","X1:8X2:9value:72","X1:9X2:9value:81","X1:10X2:9value:90"],["X1:1X2:10value:10","X1:2X2:10value:20","X1:3X2:10value:30","X1:4X2:10value:40","X1:5X2:10value:50","X1:6X2:10value:60","X1:7X2:10value:70","X1:8X2:10value:80","X1:9X2:10value:90","X1:10X2:10value:100"]],"hoverinfo":"text","showscale":false,"colorscale":[[0,"#16304A"],[0.0101010101010101,"#16304A"],[0.0202020202020202,"#16304A"],[0.0303030303030303,"#16304A"],[0.0404040404040404,"#16304A"],[0.0505050505050505,"#16304A"],[0.0606060606060606,"#16304A"],[0.0707070707070707,"#16304A"],[0.0808080808080808,"#16304A"],[0.0909090909090909,"#16304A"],[0.111111111111111,"#1D3F5E"],[0.131313131313131,"#1D3F5E"],[0.141414141414141,"#1D3F5E"],[0.151515151515152,"#1D3F5E"],[0.171717171717172,"#1D3F5E"],[0.191919191919192,"#1D3F5E"],[0.202020202020202,"#1D3F5E"],[0.232323232323232,"#1D3F5E"],[0.242424242424242,"#1D3F5E"],[0.262626262626263,"#2A5981"],[0.272727272727273,"#2A5981"],[0.292929292929293,"#2A5981"],[0.313131313131313,"#2A5981"],[0.343434343434343,"#2A5981"],[0.353535353535354,"#2A5981"],[0.393939393939394,"#2A5981"],[0.414141414141414,"#2A5981"],[0.444444444444444,"#2A5981"],[0.474747474747475,"#2A5981"],[0.484848484848485,"#2A5981"],[0.494949494949495,"#2A5981"],[0.535353535353535,"#448CC6"],[0.555555555555556,"#448CC6"],[0.595959595959596,"#448CC6"],[0.626262626262626,"#448CC6"],[0.636363636363636,"#448CC6"],[0.696969696969697,"#448CC6"],[0.717171717171717,"#448CC6"],[0.797979797979798,"#448CC6"],[0.808080808080808,"#448CC6"],[0.898989898989899,"#448CC6"],[1,"#448CC6"]],"showlegend":false,"autocolorscale":false},{"mode":"markers","name":"99_26a7d11ef71aca82dec6e03dce843b67","type":"scatter","xsrc":"nadhil:666:1dd04f","x":[0],"ysrc":"nadhil:666:9221ea","y":[0],"frame":null,"xaxis":"x","yaxis":"y","marker":{"colorbar":{"len":0.5,"title":"value","bgcolor":"rgba(255,255,255,1)","ticklen":2,"tickfont":{"size":11.689497716895,"color":"rgba(0,0,0,1)","family":""},"tickmode":"array","thickness":23.04,"titlefont":{"size":14.6118721461187,"color":"rgba(0,0,0,1)","family":""},"bordercolor":"transparent","borderwidth":1.88976377952756,"ticktextsrc":"nadhil:666:3a64e0","ticktext":["10","25","50"],"tickvalssrc":"nadhil:666:d3bd69","tickvals":[0.0909090909090909,0.242424242424242,0.494949494949495]},"colorsrc":"nadhil:666:b84b33","color":[0,1],"colorscale":[[0,"#16304A"],[0.0101010101010101,"#16304A"],[0.0202020202020202,"#16304A"],[0.0303030303030303,"#16304A"],[0.0404040404040404,"#16304A"],[0.0505050505050505,"#16304A"],[0.0606060606060606,"#16304A"],[0.0707070707070707,"#16304A"],[0.0808080808080808,"#16304A"],[0.0909090909090909,"#16304A"],[0.101010101010101,"#1D3F5E"],[0.111111111111111,"#1D3F5E"],[0.121212121212121,"#1D3F5E"],[0.131313131313131,"#1D3F5E"],[0.141414141414141,"#1D3F5E"],[0.151515151515152,"#1D3F5E"],[0.161616161616162,"#1D3F5E"],[0.171717171717172,"#1D3F5E"],[0.181818181818182,"#1D3F5E"],[0.191919191919192,"#1D3F5E"],[0.202020202020202,"#1D3F5E"],[0.212121212121212,"#1D3F5E"],[0.222222222222222,"#1D3F5E"],[0.232323232323232,"#1D3F5E"],[0.242424242424242,"#1D3F5E"],[0.252525252525253,"#2A5981"],[0.262626262626263,"#2A5981"],[0.272727272727273,"#2A5981"],[0.282828282828283,"#2A5981"],[0.292929292929293,"#2A5981"],[0.303030303030303,"#2A5981"],[0.313131313131313,"#2A5981"],[0.323232323232323,"#2A5981"],[0.333333333333333,"#2A5981"],[0.343434343434343,"#2A5981"],[0.353535353535354,"#2A5981"],[0.363636363636364,"#2A5981"],[0.373737373737374,"#2A5981"],[0.383838383838384,"#2A5981"],[0.393939393939394,"#2A5981"],[0.404040404040404,"#2A5981"],[0.414141414141414,"#2A5981"],[0.424242424242424,"#2A5981"],[0.434343434343434,"#2A5981"],[0.444444444444444,"#2A5981"],[0.454545454545455,"#2A5981"],[0.464646464646465,"#2A5981"],[0.474747474747475,"#2A5981"],[0.484848484848485,"#2A5981"],[0.494949494949495,"#2A5981"],[0.505050505050505,"#448CC6"],[0.515151515151515,"#448CC6"],[0.525252525252525,"#448CC6"],[0.535353535353535,"#448CC6"],[0.545454545454545,"#448CC6"],[0.555555555555556,"#448CC6"],[0.565656565656566,"#448CC6"],[0.575757575757576,"#448CC6"],[0.585858585858586,"#448CC6"],[0.595959595959596,"#448CC6"],[0.606060606060606,"#448CC6"],[0.616161616161616,"#448CC6"],[0.626262626262626,"#448CC6"],[0.636363636363636,"#448CC6"],[0.646464646464647,"#448CC6"],[0.656565656565657,"#448CC6"],[0.666666666666667,"#448CC6"],[0.676767676767677,"#448CC6"],[0.686868686868687,"#448CC6"],[0.696969696969697,"#448CC6"],[0.707070707070707,"#448CC6"],[0.717171717171717,"#448CC6"],[0.727272727272727,"#448CC6"],[0.737373737373737,"#448CC6"],[0.747474747474748,"#448CC6"],[0.757575757575758,"#448CC6"],[0.767676767676768,"#448CC6"],[0.777777777777778,"#448CC6"],[0.787878787878788,"#448CC6"],[0.797979797979798,"#448CC6"],[0.808080808080808,"#448CC6"],[0.818181818181818,"#448CC6"],[0.828282828282828,"#448CC6"],[0.838383838383838,"#448CC6"],[0.848484848484849,"#448CC6"],[0.858585858585859,"#448CC6"],[0.868686868686869,"#448CC6"],[0.878787878787879,"#448CC6"],[0.888888888888889,"#448CC6"],[0.898989898989899,"#448CC6"],[0.909090909090909,"#448CC6"],[0.919191919191919,"#448CC6"],[0.929292929292929,"#448CC6"],[0.939393939393939,"#448CC6"],[0.94949494949495,"#448CC6"],[0.95959595959596,"#448CC6"],[0.96969696969697,"#448CC6"],[0.97979797979798,"#448CC6"],[0.98989898989899,"#448CC6"],[1,"#448CC6"]]},"opacity":0,"hoverinfo":"skip","showlegend":false}],"layout":{"font":{"size":14.6118721461187,"color":"rgba(0,0,0,1)","family":""},"xaxis":{"type":"linear","range":[0,11],"ticks":"outside","title":{"font":{"size":14.6118721461187,"color":"rgba(0,0,0,1)","family":""},"text":"X1"},"anchor":"y","domain":[0,1],"nticks":null,"ticklen":3.65296803652968,"showgrid":true,"showline":false,"tickfont":{"size":11.689497716895,"color":"rgba(77,77,77,1)","family":""},"tickmode":"array","ticktext":["0.0","2.5","5.0","7.5","10.0"],"tickvals":[0,2.5,5,7.5,10],"zeroline":false,"autorange":false,"gridcolor":"rgba(255,255,255,1)","gridwidth":0.66417600664176,"linecolor":null,"linewidth":0,"tickangle":0,"tickcolor":"rgba(51,51,51,1)","tickwidth":0.66417600664176,"automargin":true,"hoverformat":".2f","categoryarray":["0.0","2.5","5.0","7.5","10.0"],"categoryorder":"array","showticklabels":true},"yaxis":{"type":"linear","range":[0,11],"ticks":"outside","title":{"font":{"size":14.6118721461187,"color":"rgba(0,0,0,1)","family":""},"text":"X2"},"anchor":"x","domain":[0,1],"nticks":null,"ticklen":3.65296803652968,"showgrid":true,"showline":false,"tickfont":{"size":11.689497716895,"color":"rgba(77,77,77,1)","family":""},"tickmode":"array","ticktext":["0.0","2.5","5.0","7.5","10.0"],"tickvals":[0,2.5,5,7.5,10],"zeroline":false,"autorange":false,"gridcolor":"rgba(255,255,255,1)","gridwidth":0.66417600664176,"linecolor":null,"linewidth":0,"tickangle":0,"tickcolor":"rgba(51,51,51,1)","tickwidth":0.66417600664176,"automargin":true,"hoverformat":".2f","categoryarray":["0.0","2.5","5.0","7.5","10.0"],"categoryorder":"array","showticklabels":true},"legend":{"font":{"size":11.689497716895,"color":"rgba(0,0,0,1)","family":""},"bgcolor":"rgba(255,255,255,1)","bordercolor":"transparent","borderwidth":1.88976377952756},"margin":{"b":40.1826484018265,"l":48.9497716894977,"r":7.30593607305936,"t":26.2283105022831},"shapes":[{"x0":0,"x1":1,"y0":0,"y1":1,"line":{"color":null,"width":0,"linetype":[]},"type":"rect","xref":"paper","yref":"paper","fillcolor":null}],"barmode":"relative","hovermode":"closest","showlegend":false,"plot_bgcolor":"rgba(235,235,235,1)","paper_bgcolor":"rgba(255,255,255,1)"},"frames":[]}
  {% endraw %}
{% endcapture %}
{% include posts/ssim_frame.html
    raw_json_file=plot_394
    ssim="https://raw.githubusercontent.com/plotly/ssim_baselines/main/out_ggplot2/ggplot2/Guides%20axes%20and%20legends/guide_coloursteps/example3_ssim_map.png" 
    compare="https://raw.githubusercontent.com/plotly/ssim_baselines/main/out_ggplot2/ggplot2/Guides%20axes%20and%20legends/guide_coloursteps/example3_montage.png"
%}


# Display limit values


<pre class="mcode">
df <- expand.grid(X1 = 1:10, X2 = 1:10)
df$value <- df$X1 * df$X2

p <- ggplot(df, aes(X1, X2)) + geom_tile(aes(fill = value))

p <-  p + scale_fill_binned(guide = guide_coloursteps(show.limits = TRUE))

plotly::ggplotly(p)
</pre>


{% capture plot_395 %}
  {% raw %}
    {"data":[{"type":"heatmap","xsrc":"nadhil:668:9e86b7","x":[1,2,3,4,5,6,7,8,9,10],"ysrc":"nadhil:668:e42f82","y":[1,2,3,4,5,6,7,8,9,10],"zsrc":"nadhil:668:8ad71a","z":[[0,0.0101010101010101,0.0202020202020202,0.0303030303030303,0.0404040404040404,0.0505050505050505,0.0606060606060606,0.0707070707070707,0.0808080808080808,0.0909090909090909],[0.0101010101010101,0.0303030303030303,0.0505050505050505,0.0707070707070707,0.0909090909090909,0.111111111111111,0.131313131313131,0.151515151515152,0.171717171717172,0.191919191919192],[0.0202020202020202,0.0505050505050505,0.0808080808080808,0.111111111111111,0.141414141414141,0.171717171717172,0.202020202020202,0.232323232323232,0.262626262626263,0.292929292929293],[0.0303030303030303,0.0707070707070707,0.111111111111111,0.151515151515152,0.191919191919192,0.232323232323232,0.272727272727273,0.313131313131313,0.353535353535354,0.393939393939394],[0.0404040404040404,0.0909090909090909,0.141414141414141,0.191919191919192,0.242424242424242,0.292929292929293,0.343434343434343,0.393939393939394,0.444444444444444,0.494949494949495],[0.0505050505050505,0.111111111111111,0.171717171717172,0.232323232323232,0.292929292929293,0.353535353535354,0.414141414141414,0.474747474747475,0.535353535353535,0.595959595959596],[0.0606060606060606,0.131313131313131,0.202020202020202,0.272727272727273,0.343434343434343,0.414141414141414,0.484848484848485,0.555555555555556,0.626262626262626,0.696969696969697],[0.0707070707070707,0.151515151515152,0.232323232323232,0.313131313131313,0.393939393939394,0.474747474747475,0.555555555555556,0.636363636363636,0.717171717171717,0.797979797979798],[0.0808080808080808,0.171717171717172,0.262626262626263,0.353535353535354,0.444444444444444,0.535353535353535,0.626262626262626,0.717171717171717,0.808080808080808,0.898989898989899],[0.0909090909090909,0.191919191919192,0.292929292929293,0.393939393939394,0.494949494949495,0.595959595959596,0.696969696969697,0.797979797979798,0.898989898989899,1]],"frame":null,"xaxis":"x","yaxis":"y","textsrc":"nadhil:668:9e3893","text":[["X1:1X2:1value:1","X1:2X2:1value:2","X1:3X2:1value:3","X1:4X2:1value:4","X1:5X2:1value:5","X1:6X2:1value:6","X1:7X2:1value:7","X1:8X2:1value:8","X1:9X2:1value:9","X1:10X2:1value:10"],["X1:1X2:2value:2","X1:2X2:2value:4","X1:3X2:2value:6","X1:4X2:2value:8","X1:5X2:2value:10","X1:6X2:2value:12","X1:7X2:2value:14","X1:8X2:2value:16","X1:9X2:2value:18","X1:10X2:2value:20"],["X1:1X2:3value:3","X1:2X2:3value:6","X1:3X2:3value:9","X1:4X2:3value:12","X1:5X2:3value:15","X1:6X2:3value:18","X1:7X2:3value:21","X1:8X2:3value:24","X1:9X2:3value:27","X1:10X2:3value:30"],["X1:1X2:4value:4","X1:2X2:4value:8","X1:3X2:4value:12","X1:4X2:4value:16","X1:5X2:4value:20","X1:6X2:4value:24","X1:7X2:4value:28","X1:8X2:4value:32","X1:9X2:4value:36","X1:10X2:4value:40"],["X1:1X2:5value:5","X1:2X2:5value:10","X1:3X2:5value:15","X1:4X2:5value:20","X1:5X2:5value:25","X1:6X2:5value:30","X1:7X2:5value:35","X1:8X2:5value:40","X1:9X2:5value:45","X1:10X2:5value:50"],["X1:1X2:6value:6","X1:2X2:6value:12","X1:3X2:6value:18","X1:4X2:6value:24","X1:5X2:6value:30","X1:6X2:6value:36","X1:7X2:6value:42","X1:8X2:6value:48","X1:9X2:6value:54","X1:10X2:6value:60"],["X1:1X2:7value:7","X1:2X2:7value:14","X1:3X2:7value:21","X1:4X2:7value:28","X1:5X2:7value:35","X1:6X2:7value:42","X1:7X2:7value:49","X1:8X2:7value:56","X1:9X2:7value:63","X1:10X2:7value:70"],["X1:1X2:8value:8","X1:2X2:8value:16","X1:3X2:8value:24","X1:4X2:8value:32","X1:5X2:8value:40","X1:6X2:8value:48","X1:7X2:8value:56","X1:8X2:8value:64","X1:9X2:8value:72","X1:10X2:8value:80"],["X1:1X2:9value:9","X1:2X2:9value:18","X1:3X2:9value:27","X1:4X2:9value:36","X1:5X2:9value:45","X1:6X2:9value:54","X1:7X2:9value:63","X1:8X2:9value:72","X1:9X2:9value:81","X1:10X2:9value:90"],["X1:1X2:10value:10","X1:2X2:10value:20","X1:3X2:10value:30","X1:4X2:10value:40","X1:5X2:10value:50","X1:6X2:10value:60","X1:7X2:10value:70","X1:8X2:10value:80","X1:9X2:10value:90","X1:10X2:10value:100"]],"hoverinfo":"text","showscale":false,"colorscale":[[0,"#1A3956"],[0.0101010101010101,"#1A3956"],[0.0202020202020202,"#1A3956"],[0.0303030303030303,"#1A3956"],[0.0404040404040404,"#1A3956"],[0.0505050505050505,"#1A3956"],[0.0606060606060606,"#1A3956"],[0.0707070707070707,"#1A3956"],[0.0808080808080808,"#1A3956"],[0.0909090909090909,"#1A3956"],[0.111111111111111,"#1A3956"],[0.131313131313131,"#1A3956"],[0.141414141414141,"#1A3956"],[0.151515151515152,"#1A3956"],[0.171717171717172,"#1A3956"],[0.191919191919192,"#1A3956"],[0.202020202020202,"#1A3956"],[0.232323232323232,"#1A3956"],[0.242424242424242,"#1A3956"],[0.262626262626263,"#2A5981"],[0.272727272727273,"#2A5981"],[0.292929292929293,"#2A5981"],[0.313131313131313,"#2A5981"],[0.343434343434343,"#2A5981"],[0.353535353535354,"#2A5981"],[0.393939393939394,"#2A5981"],[0.414141414141414,"#2A5981"],[0.444444444444444,"#2A5981"],[0.474747474747475,"#2A5981"],[0.484848484848485,"#2A5981"],[0.494949494949495,"#2A5981"],[0.535353535353535,"#3B7BAE"],[0.555555555555556,"#3B7BAE"],[0.595959595959596,"#3B7BAE"],[0.626262626262626,"#3B7BAE"],[0.636363636363636,"#3B7BAE"],[0.696969696969697,"#3B7BAE"],[0.717171717171717,"#3B7BAE"],[0.797979797979798,"#4D9FDE"],[0.808080808080808,"#4D9FDE"],[0.898989898989899,"#4D9FDE"],[1,"#4D9FDE"]],"showlegend":false,"autocolorscale":false},{"mode":"markers","name":"99_61e58db878519d526ac9a3e3e908603d","type":"scatter","xsrc":"nadhil:668:36275f","x":[0],"ysrc":"nadhil:668:6830bb","y":[0],"frame":null,"xaxis":"x","yaxis":"y","marker":{"colorbar":{"len":0.5,"title":"value","bgcolor":"rgba(255,255,255,1)","ticklen":2,"tickfont":{"size":11.689497716895,"color":"rgba(0,0,0,1)","family":""},"tickmode":"array","thickness":23.04,"titlefont":{"size":14.6118721461187,"color":"rgba(0,0,0,1)","family":""},"bordercolor":"transparent","borderwidth":1.88976377952756,"ticktextsrc":"nadhil:668:6c2794","ticktext":["0","25","50","75","100"],"tickvalssrc":"nadhil:668:b7f95b","tickvals":[-0.166666666666667,0.166666666666667,0.5,0.833333333333333,1.16666666666667]},"colorsrc":"nadhil:668:5cbf3f","color":[0,1],"colorscale":[[0,"#1A3956"],[0.333333333333333,"#2A5981"],[0.666666666666667,"#3B7BAE"],[1,"#4D9FDE"]]},"opacity":0,"hoverinfo":"skip","showlegend":false}],"layout":{"font":{"size":14.6118721461187,"color":"rgba(0,0,0,1)","family":""},"xaxis":{"type":"linear","range":[0,11],"ticks":"outside","title":{"font":{"size":14.6118721461187,"color":"rgba(0,0,0,1)","family":""},"text":"X1"},"anchor":"y","domain":[0,1],"nticks":null,"ticklen":3.65296803652968,"showgrid":true,"showline":false,"tickfont":{"size":11.689497716895,"color":"rgba(77,77,77,1)","family":""},"tickmode":"array","ticktext":["0.0","2.5","5.0","7.5","10.0"],"tickvals":[0,2.5,5,7.5,10],"zeroline":false,"autorange":false,"gridcolor":"rgba(255,255,255,1)","gridwidth":0.66417600664176,"linecolor":null,"linewidth":0,"tickangle":0,"tickcolor":"rgba(51,51,51,1)","tickwidth":0.66417600664176,"automargin":true,"hoverformat":".2f","categoryarray":["0.0","2.5","5.0","7.5","10.0"],"categoryorder":"array","showticklabels":true},"yaxis":{"type":"linear","range":[0,11],"ticks":"outside","title":{"font":{"size":14.6118721461187,"color":"rgba(0,0,0,1)","family":""},"text":"X2"},"anchor":"x","domain":[0,1],"nticks":null,"ticklen":3.65296803652968,"showgrid":true,"showline":false,"tickfont":{"size":11.689497716895,"color":"rgba(77,77,77,1)","family":""},"tickmode":"array","ticktext":["0.0","2.5","5.0","7.5","10.0"],"tickvals":[0,2.5,5,7.5,10],"zeroline":false,"autorange":false,"gridcolor":"rgba(255,255,255,1)","gridwidth":0.66417600664176,"linecolor":null,"linewidth":0,"tickangle":0,"tickcolor":"rgba(51,51,51,1)","tickwidth":0.66417600664176,"automargin":true,"hoverformat":".2f","categoryarray":["0.0","2.5","5.0","7.5","10.0"],"categoryorder":"array","showticklabels":true},"legend":{"font":{"size":11.689497716895,"color":"rgba(0,0,0,1)","family":""},"bgcolor":"rgba(255,255,255,1)","bordercolor":"transparent","borderwidth":1.88976377952756},"margin":{"b":40.1826484018265,"l":48.9497716894977,"r":7.30593607305936,"t":26.2283105022831},"shapes":[{"x0":0,"x1":1,"y0":0,"y1":1,"line":{"color":null,"width":0,"linetype":[]},"type":"rect","xref":"paper","yref":"paper","fillcolor":null}],"barmode":"relative","hovermode":"closest","showlegend":false,"plot_bgcolor":"rgba(235,235,235,1)","paper_bgcolor":"rgba(255,255,255,1)"},"frames":[]}
  {% endraw %}
{% endcapture %}
{% include posts/ssim_frame.html
    raw_json_file=plot_395
    ssim="https://raw.githubusercontent.com/plotly/ssim_baselines/main/out_ggplot2/ggplot2/Guides%20axes%20and%20legends/guide_coloursteps/example4_ssim_map.png" 
    compare="https://raw.githubusercontent.com/plotly/ssim_baselines/main/out_ggplot2/ggplot2/Guides%20axes%20and%20legends/guide_coloursteps/example4_montage.png"
%}


This can also be done in scale.

<pre class="mcode">
df <- expand.grid(X1 = 1:10, X2 = 1:10)
df$value <- df$X1 * df$X2

p <- ggplot(df, aes(X1, X2)) + geom_tile(aes(fill = value))

p <-  p + scale_fill_binned(show.limits = TRUE)

plotly::ggplotly(p)
</pre>



{% capture plot_396 %}
  {% raw %}
